0.24595085984103407,0.24595085984103407,0.004049140158966105,0.004049140158966105,0.24595085984103407,0.24595085984103407,0.004049140158966105,0.004049140158966105,0
0.22275090607807335,0.22275090607807335,0.027249093921926832,0.027249093921926832,0.22275090607807335,0.22275090607807335,0.027249093921926832,0.027249093921926832,1
0.3408814974973072,0.3408814974973072,0.0006697548421331751,0.0006697548421331751,0.15699451189919134,0.15699451189919134,0.0014542357613687071,0.0014542357613687071,2
0.3907239717454899,0.3907239717454899,0.005289491042323629,0.005289491042323629,0.07722358829841018,0.07722358829841018,0.026762948913776764,0.026762948913776764,3
0.3891231117378771,0.11087688826212323,0.0,0.0,0.3891231117378771,0.11087688826212323,0.0,0.0,4
0.23892285473660066,0.23892285473660066,0.011077145263399465,0.011077145263399465,0.23892285473660066,0.23892285473660066,0.011077145263399465,0.011077145263399465,5
0.32294382404054506,0.12815376981168808,0.0,0.0,0.17705617595945525,0.3718462301883122,0.0,0.0,6
0.21701908506318746,0.21701908506318746,0.032980914936812794,0.032980914936812794,0.21701908506318746,0.21701908506318746,0.032980914936812794,0.032980914936812794,0
0.24498525344017896,0.24498525344017896,0.005014746559821244,0.005014746559821244,0.24498525344017896,0.24498525344017896,0.005014746559821244,0.005014746559821244,1
0.3280148010995525,0.3280148010995525,0.004174294070853656,0.004174294070853656,0.1592107955555707,0.1592107955555707,0.00860010927402338,0.00860010927402338,2
0.3702709945539254,0.3702709945539254,0.005644034217723227,0.005644034217723227,0.10398825844163073,0.10398825844163073,0.020096712786720962,0.020096712786720962,3
0.2828575809358556,0.21714241906414478,0.0,0.0,0.2828575809358556,0.21714241906414478,0.0,0.0,4
0.2443546124075452,0.2443546124075452,0.005645387592454918,0.005645387592454918,0.2443546124075452,0.2443546124075452,0.005645387592454918,0.005645387592454918,5
0.3975472958513463,0.18179822746951357,0.0,0.0,0.10245270414865396,0.31820177253048676,0.0,0.0,6
0.249702728645813,0.249702728645813,0.0002972713541873792,0.0002972713541873792,0.249702728645813,0.249702728645813,0.0002972713541873792,0.0002972713541873792,0
0.24094348567145954,0.24094348567145954,0.009056514328540686,0.009056514328540686,0.24094348567145954,0.24094348567145954,0.009056514328540686,0.009056514328540686,1
0.41004191283401087,0.41004191283401087,1.7745375387130916e-05,1.7745375387130916e-05,0.08985936695275892,0.08985936695275892,8.097483784324984e-05,8.097483784324984e-05,2
0.3855015489755379,0.3855015489755379,0.0036789976306798615,0.0036789976306798615,0.0960542654114564,0.0960542654114564,0.014765187982326348,0.014765187982326348,3
0.3189140473596169,0.18108595264038319,0.0,0.0,0.3189140473596169,0.18108595264038319,0.0,0.0,4
0.24963930735103118,0.24963930735103118,0.0003606926489689645,0.0003606926489689645,0.24963930735103118,0.24963930735103118,0.0003606926489689645,0.0003606926489689645,5
0.39397680376892075,0.13381781612570054,0.0,0.0,0.10602319623107963,0.3661821838742998,0.0,0.0,6
0.23375110573296623,0.23375110573296623,0.01624889426703392,0.01624889426703392,0.23375110573296623,0.23375110573296623,0.01624889426703392,0.01624889426703392,0
0.24653530070198587,0.24653530070198587,0.003464699298014347,0.003464699298014347,0.24653530070198587,0.24653530070198587,0.003464699298014347,0.003464699298014347,1
0.24339554613904685,0.24339554613904685,0.022467634911549624,0.022467634911549624,0.20782352077531735,0.20782352077531735,0.02631329817408628,0.02631329817408628,2
0.24299925721142035,0.24299925721142035,0.008580710563410298,0.008580710563410298,0.23972201466439635,0.23972201466439635,0.008698017560773371,0.008698017560773371,3
0.26691407286039237,0.2330859271396078,0.0,0.0,0.26691407286039237,0.2330859271396078,0.0,0.0,4
0.24982723965493644,0.24982723965493644,0.00017276034506365825,0.00017276034506365825,0.24982723965493644,0.24982723965493644,0.00017276034506365825,0.00017276034506365825,5
0.30640515340490243,0.21587767126905402,0.0,0.0,0.1935948465950977,0.284122328730946,0.0,0.0,6
0.2483285153240684,0.2483285153240684,0.0016714846759317804,0.0016714846759317804,0.2483285153240684,0.2483285153240684,0.0016714846759317804,0.0016714846759317804,0
0.2272836548868643,0.2272836548868643,0.022716345113135854,0.022716345113135854,0.2272836548868643,0.2272836548868643,0.022716345113135854,0.022716345113135854,1
0.3603037159168455,0.3603037159168455,0.0003631965247894911,0.0003631965247894911,0.1383874741035535,0.1383874741035535,0.00094561345481179,0.00094561345481179,2
0.3535246661356182,0.3535246661356182,0.010739583933786156,0.010739583933786156,0.09631678755748858,0.09631678755748858,0.03941896237310717,0.03941896237310717,3
0.28162467509032885,0.2183753249096715,0.0,0.0,0.28162467509032885,0.2183753249096715,0.0,0.0,4
0.24154780659074346,0.24154780659074346,0.00845219340925665,0.00845219340925665,0.24154780659074346,0.24154780659074346,0.00845219340925665,0.00845219340925665,5
0.3499432631994757,0.17941528596298592,0.0,0.0,0.15005673680052448,0.3205847140370144,0.0,0.0,6
0.23979829192853763,0.23979829192853763,0.010201708071462583,0.010201708071462583,0.23979829192853763,0.23979829192853763,0.010201708071462583,0.010201708071462583,0
0.24674749328959894,0.24674749328959894,0.0032525067104013073,0.0032525067104013073,0.24674749328959894,0.24674749328959894,0.0032525067104013073,0.0032525067104013073,1
0.32915638909394096,0.32915638909394096,0.01639620075530356,0.01639620075530356,0.10102678029884218,0.10102678029884218,0.05342062985191377,0.05342062985191377,2
0.2427889866402932,0.2427889866402932,0.018100763675477402,0.018100763675477402,0.2190476461983911,0.2190476461983911,0.020062603485838618,0.020062603485838618,3
0.3234695622063573,0.17653043779364314,0.0,0.0,0.3234695622063573,0.17653043779364314,0.0,0.0,4
0.24990623785046465,0.24990623785046465,9.376214953546489e-05,9.376214953546489e-05,0.24990623785046465,0.24990623785046465,9.376214953546489e-05,9.376214953546489e-05,5
0.2630968833353652,0.14174758595467157,0.0,0.0,0.23690311666463515,0.3582524140453287,0.0,0.0,6
0.21629315558267026,0.21629315558267026,0.03370684441732988,0.03370684441732988,0.21629315558267026,0.21629315558267026,0.03370684441732988,0.03370684441732988,0
0.22192626515159208,0.22192626515159208,0.028073734848408024,0.028073734848408024,0.22192626515159208,0.22192626515159208,0.028073734848408024,0.028073734848408024,1
0.3577086871540889,0.3577086871540889,0.006320819646677776,0.006320819646677776,0.11657518030671137,0.11657518030671137,0.019395312892522377,0.019395312892522377,2
0.3251483339315389,0.3251483339315389,0.003949212718282241,0.003949212718282241,0.1630259145867196,0.1630259145867196,0.007876538763459383,0.007876538763459383,3
0.35015423749587987,0.14984576250412035,0.0,0.0,0.35015423749587987,0.14984576250412035,0.0,0.0,4
0.24466214602311825,0.24466214602311825,0.005337853976881905,0.005337853976881905,0.24466214602311825,0.24466214602311825,0.005337853976881905,0.005337853976881905,5
0.3141090024562466,0.09778230436437345,0.0,0.0,0.18589099754375354,0.40221769563562676,0.0,0.0,6
0.2369898226226374,0.2369898226226374,0.013010177377362927,0.013010177377362927,0.2369898226226374,0.2369898226226374,0.013010177377362927,0.013010177377362927,0
0.24119113881723556,0.24119113881723556,0.008808861182764638,0.008808861182764638,0.24119113881723556,0.24119113881723556,0.008808861182764638,0.008808861182764638,1
0.30230300077530053,0.30230300077530053,0.0006431051199608605,0.0006431051199608605,0.19606230827014665,0.19606230827014665,0.0009915858345922054,0.0009915858345922054,2
0.3351214050658519,0.3351214050658519,0.01174993718735984,0.01174993718735984,0.12043277990793334,0.12043277990793334,0.032695877838855275,0.032695877838855275,3
0.35603161129650635,0.14396838870349402,0.0,0.0,0.35603161129650635,0.14396838870349402,0.0,0.0,4
0.24951635563353539,0.24951635563353539,0.0004836443664647331,0.0004836443664647331,0.24951635563353539,0.24951635563353539,0.0004836443664647331,0.0004836443664647331,5
0.27745761803339497,0.15896903000746193,0.0,0.0,0.2225423819666053,0.34103096999253824,0.0,0.0,6
0.2357059727725903,0.2357059727725903,0.014294027227409955,0.014294027227409955,0.2357059727725903,0.2357059727725903,0.014294027227409955,0.014294027227409955,0
0.22775214954440742,0.22775214954440742,0.02224785045559267,0.02224785045559267,0.22775214954440742,0.22775214954440742,0.02224785045559267,0.02224785045559267,1
0.3142410396169176,0.3142410396169176,0.008641468373262094,0.008641468373262094,0.1601628484609263,0.1601628484609263,0.016954643548894404,0.016954643548894404,2
0.28533532897723207,0.28533532897723207,0.020306927925213637,0.020306927925213637,0.1575895420916211,0.1575895420916211,0.0367682010059337,0.0367682010059337,3
0.3175048879314454,0.18249511206855512,0.0,0.0,0.3175048879314454,0.18249511206855512,0.0,0.0,4
0.23329074617084083,0.23329074617084083,0.01670925382915922,0.01670925382915922,0.23329074617084083,0.23329074617084083,0.01670925382915922,0.01670925382915922,5
0.3869967180438506,0.18152430158569974,0.0,0.0,0.11300328195614961,0.31847569841430057,0.0,0.0,6
0.24856444753011958,0.24856444753011958,0.0014355524698805929,0.0014355524698805929,0.24856444753011958,0.24856444753011958,0.0014355524698805929,0.0014355524698805929,0
0.23779769773521992,0.23779769773521992,0.012202302264780291,0.012202302264780291,0.23779769773521992,0.23779769773521992,0.012202302264780291,0.012202302264780291,1
0.2557172615193187,0.2557172615193187,0.020490528282406967,0.020490528282406967,0.19722462645569144,0.19722462645569144,0.026567583742583126,0.026567583742583126,2
0.3889118495739107,0.3889118495739107,0.005020372627582313,0.005020372627582313,0.08236153741793176,0.08236153741793176,0.02370624038057571,0.02370624038057571,3
0.28861753713228727,0.21138246286771298,0.0,0.0,0.28861753713228727,0.21138246286771298,0.0,0.0,4
0.24953694093214446,0.24953694093214446,0.0004630590678556099,0.0004630590678556099,0.24953694093214446,0.24953694093214446,0.0004630590678556099,0.0004630590678556099,5
0.358911617347872,0.20131817578710473,0.0,0.0,0.14108838265212825,0.2986818242128957,0.0,0.0,6
0.24360412764832073,0.24360412764832073,0.006395872351679536,0.006395872351679536,0.24360412764832073,0.24360412764832073,0.006395872351679536,0.006395872351679536,0
0.2483876961992615,0.2483876961992615,0.0016123038007387334,0.0016123038007387334,0.2483876961992615,0.2483876961992615,0.0016123038007387334,0.0016123038007387334,1
0.3032325659825635,0.3032325659825635,0.007029501718127941,0.007029501718127941,0.17774566308394027,0.17774566308394027,0.01199226921536836,0.01199226921536836,2
0.23320513195922166,0.23320513195922166,0.03167540594853459,0.03167540594853459,0.1977683536471029,0.1977683536471029,0.037351108445140925,0.037351108445140925,3
0.2752596577423694,0.2247403422576308,0.0,0.0,0.2752596577423694,0.2247403422576308,0.0,0.0,4
0.24965149764089287,0.24965149764089287,0.000348502359107142,0.000348502359107142,0.24965149764089287,0.24965149764089287,0.000348502359107142,0.000348502359107142,5
0.3513513859913794,0.14299470023369482,0.0,0.0,0.14864861400862078,0.35700529976630535,0.0,0.0,6
0.24993997233507653,0.24993997233507653,6.00276649235496e-05,6.00276649235496e-05,0.24993997233507653,0.24993997233507653,6.00276649235496e-05,6.00276649235496e-05,0
0.22920390590702772,0.22920390590702772,0.020796094092972464,0.020796094092972464,0.22920390590702772,0.22920390590702772,0.020796094092972464,0.020796094092972464,1
0.283807600611623,0.283807600611623,0.023190426105910794,0.023190426105910794,0.14875824673446617,0.14875824673446617,0.04424372654800035,0.04424372654800035,2
0.38062398722317464,0.38062398722317464,0.002491106185630537,0.002491106185630537,0.10811483574537625,0.10811483574537625,0.008770070845818772,0.008770070845818772,3
0.3834960348917232,0.11650396510827715,0.0,0.0,0.3834960348917232,0.11650396510827715,0.0,0.0,4
0.21935109248897228,0.21935109248897228,0.030648907511027813,0.030648907511027813,0.21935109248897228,0.21935109248897228,0.030648907511027813,0.030648907511027813,5
0.29853316326636026,0.10940556337144303,0.0,0.0,0.20146683673364008,0.3905944366285572,0.0,0.0,6
0.22151941401071287,0.22151941401071287,0.028480585989287346,0.028480585989287346,0.22151941401071287,0.22151941401071287,0.028480585989287346,0.028480585989287346,0
0.23713054496625152,0.23713054496625152,0.012869455033748707,0.012869455033748707,0.23713054496625152,0.23713054496625152,0.012869455033748707,0.012869455033748707,1
0.32823331319127924,0.32823331319127924,0.016408875962675058,0.016408875962675058,0.10313617599049309,0.10313617599049309,0.05222163485555295,0.05222163485555295,2
0.3096232879816387,0.3096232879816387,0.00045328796386320846,0.00045328796386320846,0.18918155198345132,0.18918155198345132,0.0007418720710468943,0.0007418720710468943,3
0.2692205243487358,0.2307794756512646,0.0,0.0,0.2692205243487358,0.2307794756512646,0.0,0.0,4
0.2331688694199484,0.2331688694199484,0.016831130580051826,0.016831130580051826,0.2331688694199484,0.2331688694199484,0.016831130580051826,0.016831130580051826,5
0.3126844543948967,0.09678073486230251,0.0,0.0,0.1873155456051035,0.40321926513769785,0.0,0.0,6
0.22167506772088558,0.22167506772088558,0.0283249322791147,0.0283249322791147,0.22167506772088558,0.22167506772088558,0.0283249322791147,0.0283249322791147,0
0.24033184360567827,0.24033184360567827,0.009668156394321845,0.009668156394321845,0.24033184360567827,0.24033184360567827,0.009668156394321845,0.009668156394321845,1
0.32991707526997327,0.32991707526997327,0.004691863784321023,0.004691863784321023,0.15543221161035253,0.15543221161035253,0.009958849335353601,0.009958849335353601,2
0.3646337960102076,0.3646337960102076,0.004921961385214497,0.004921961385214497,0.1148125603350716,0.1148125603350716,0.015631682269506838,0.015631682269506838,3
0.3979168579341542,0.10208314206584607,0.0,0.0,0.3979168579341542,0.10208314206584607,0.0,0.0,4
0.24669783877990342,0.24669783877990342,0.00330216122009668,0.00330216122009668,0.24669783877990342,0.24669783877990342,0.00330216122009668,0.00330216122009668,5
0.4002709347315019,0.2428148867327293,0.0,0.0,0.09972906526849835,0.25718511326727084,0.0,0.0,6
0.2454718162547656,0.2454718162547656,0.004528183745234589,0.004528183745234589,0.2454718162547656,0.2454718162547656,0.004528183745234589,0.004528183745234589,0
0.2215815446592653,0.2215815446592653,0.02841845534073484,0.02841845534073484,0.2215815446592653,0.2215815446592653,0.02841845534073484,0.02841845534073484,1
0.35047890900250517,0.35047890900250517,0.01301963229606512,0.01301963229606512,0.07800037212190691,0.07800037212190691,0.0585010865795229,0.0585010865795229,2
0.3495927509009439,0.3495927509009439,0.005044627411247674,0.005044627411247674,0.1320025361517136,0.1320025361517136,0.01336008553609511,0.01336008553609511,3
0.3796683499634585,0.12033165003654168,0.0,0.0,0.3796683499634585,0.12033165003654168,0.0,0.0,4
0.239107590704672,0.239107590704672,0.010892409295328089,0.010892409295328089,0.239107590704672,0.239107590704672,0.010892409295328089,0.010892409295328089,5
0.3506262149693668,0.19204920276201623,0.0,0.0,0.1493737850306334,0.3079507972379839,0.0,0.0,6
0.24775575786834364,0.24775575786834364,0.002244242131656642,0.002244242131656642,0.24775575786834364,0.24775575786834364,0.002244242131656642,0.002244242131656642,0
0.23645730568207718,0.23645730568207718,0.013542694317922906,0.013542694317922906,0.23645730568207718,0.23645730568207718,0.013542694317922906,0.013542694317922906,1
0.3552174732613971,0.3552174732613971,0.005923029003460284,0.005923029003460284,0.1215500580680249,0.1215500580680249,0.017309439667117718,0.017309439667117718,2
0.34589930060834617,0.34589930060834617,0.0019534859051744506,0.0019534859051744506,0.14756825153973505,0.14756825153973505,0.0045789619467447515,0.0045789619467447515,3
0.34263321650734124,0.15736678349265887,0.0,0.0,0.34263321650734124,0.15736678349265887,0.0,0.0,4
0.2280078103799118,0.2280078103799118,0.02199218962008833,0.02199218962008833,0.2280078103799118,0.2280078103799118,0.02199218962008833,0.02199218962008833,5
0.2840638735884891,0.2019057959921034,0.0,0.0,0.21593612641151116,0.29809420400789677,0.0,0.0,6
0.2463724467909304,0.2463724467909304,0.003627553209069824,0.003627553209069824,0.2463724467909304,0.2463724467909304,0.003627553209069824,0.003627553209069824,0
0.21942915951887904,0.21942915951887904,0.030570840481121093,0.030570840481121093,0.21942915951887904,0.21942915951887904,0.030570840481121093,0.030570840481121093,1
0.3284957382152811,0.3284957382152811,0.010753097926784395,0.010753097926784395,0.13448553784153383,0.13448553784153383,0.02626562601640083,0.02626562601640083,2
0.4047112935086748,0.4047112935086748,0.0005110452227981882,0.0005110452227981882,0.09254273960926654,0.09254273960926654,0.0022349216592608173,0.0022349216592608173,3
0.3773612551241405,0.12263874487585998,0.0,0.0,0.3773612551241405,0.12263874487585998,0.0,0.0,4
0.22035026634401436,0.22035026634401436,0.02964973365598573,0.02964973365598573,0.22035026634401436,0.22035026634401436,0.02964973365598573,0.02964973365598573,5
0.2533844584475855,0.10731521293345546,0.0,0.0,0.24661554155241458,0.3926847870665445,0.0,0.0,6
0.2456530749339825,0.2456530749339825,0.004346925066017653,0.004346925066017653,0.2456530749339825,0.2456530749339825,0.004346925066017653,0.004346925066017653,0
0.24653563730753908,0.24653563730753908,0.00346436269246108,0.00346436269246108,0.24653563730753908,0.24653563730753908,0.00346436269246108,0.00346436269246108,1
0.3055014107525393,0.3055014107525393,0.013968346395887964,0.013968346395887964,0.15255832022138607,0.15255832022138607,0.027971922630187114,0.027971922630187114,2
0.2993207196809603,0.2993207196809603,0.00014258557172263547,0.00014258557172263547,0.20032364542978637,0.20032364542978637,0.000213049317531012,0.000213049317531012,3
0.26797813118492136,0.23202186881507877,0.0,0.0,0.26797813118492136,0.23202186881507877,0.0,0.0,4
0.24037563394781175,0.24037563394781175,0.00962436605218838,0.00962436605218838,0.24037563394781175,0.24037563394781175,0.00962436605218838,0.00962436605218838,5
0.3153330110040905,0.16620076581313423,0.0,0.0,0.1846669889959097,0.33379923418686597,0.0,0.0,6
0.24344792570650647,0.24344792570650647,0.006552074293493677,0.006552074293493677,0.24344792570650647,0.24344792570650647,0.006552074293493677,0.006552074293493677,0
0.22488151888683866,0.22488151888683866,0.025118481113161485,0.025118481113161485,0.22488151888683866,0.22488151888683866,0.025118481113161485,0.025118481113161485,1
0.3065349080265205,0.3065349080265205,0.00909760865984835,0.00909760865984835,0.16774237843675396,0.16774237843675396,0.01662510487687737,0.01662510487687737,2
0.2386179192053996,0.2386179192053996,0.02395884750500678,0.02395884750500678,0.21022903350201064,0.21022903350201064,0.0271941997875832,0.0271941997875832,3
0.37525095987808627,0.12474904012191397,0.0,0.0,0.37525095987808627,0.12474904012191397,0.0,0.0,4
0.2151911484270215,0.2151911484270215,0.0348088515729786,0.0348088515729786,0.2151911484270215,0.2151911484270215,0.0348088515729786,0.0348088515729786,5
0.34962656997320807,0.09701046327035318,0.0,0.0,0.1503734300267922,0.402989536729647,0.0,0.0,6
0.24995830193638638,0.24995830193638638,4.169806361388068e-05,4.169806361388068e-05,0.24995830193638638,0.24995830193638638,4.169806361388068e-05,4.169806361388068e-05,0
0.21959571043129744,0.21959571043129744,0.03040428956870264,0.03040428956870264,0.21959571043129744,0.21959571043129744,0.03040428956870264,0.03040428956870264,1
0.39129982587842066,0.39129982587842066,0.00014270131017604423,0.00014270131017604423,0.10804063953398722,0.10804063953398722,0.0005168332774163454,0.0005168332774163454,2
0.39673846133624313,0.39673846133624313,0.0019889929034885043,0.0019889929034885043,0.09276609779138562,0.09276609779138562,0.008506447968883018,0.008506447968883018,3
0.3300220227692756,0.16997797723072455,0.0,0.0,0.3300220227692756,0.16997797723072455,0.0,0.0,4
0.24607110592218084,0.24607110592218084,0.003928894077819263,0.003928894077819263,0.24607110592218084,0.24607110592218084,0.003928894077819263,0.003928894077819263,5
0.4050646394846934,0.15295549894679977,0.0,0.0,0.09493536051530697,0.3470445010532006,0.0,0.0,6
0.21386591238150654,0.21386591238150654,0.036134087618493696,0.036134087618493696,0.21386591238150654,0.21386591238150654,0.036134087618493696,0.036134087618493696,0
0.22152226888835802,0.22152226888835802,0.028477731111642136,0.028477731111642136,0.22152226888835802,0.22152226888835802,0.028477731111642136,0.028477731111642136,1
0.2648335096225756,0.2648335096225756,0.004628765639372314,0.004628765639372314,0.22509171237008066,0.22509171237008066,0.005446012367971554,0.005446012367971554,2
0.26380690679144253,0.26380690679144253,0.025102974403864494,0.025102974403864494,0.17275682574944257,0.17275682574944257,0.038333293055250614,0.038333293055250614,3
0.3075593746198601,0.19244062538014026,0.0,0.0,0.3075593746198601,0.19244062538014026,0.0,0.0,4
0.24486017207290178,0.24486017207290178,0.005139827927098304,0.005139827927098304,0.24486017207290178,0.24486017207290178,0.005139827927098304,0.005139827927098304,5
0.35150623045003715,0.13628291901853026,0.0,0.0,0.14849376954996313,0.36371708098147,0.0,0.0,6
0.23053505418698644,0.23053505418698644,0.019464945813013758,0.019464945813013758,0.23053505418698644,0.23053505418698644,0.019464945813013758,0.019464945813013758,0
0.24955896460660543,0.24955896460660543,0.00044103539339483705,0.00044103539339483705,0.24955896460660543,0.24955896460660543,0.00044103539339483705,0.00044103539339483705,1
0.40155024964806785,0.40155024964806785,0.003334684532501751,0.003334684532501751,0.0779331074711131,0.0779331074711131,0.017181958348317657,0.017181958348317657,2
0.3317201639738304,0.3317201639738304,0.013953519690194663,0.013953519690194663,0.11357042583276046,0.11357042583276046,0.040755890503214647,0.040755890503214647,3
0.3682306417679845,0.13176935823201585,0.0,0.0,0.3682306417679845,0.13176935823201585,0.0,0.0,4
0.21941209586537985,0.21941209586537985,0.030587904134620324,0.030587904134620324,0.21941209586537985,0.21941209586537985,0.030587904134620324,0.030587904134620324,5
0.27025270363439563,0.23408392261301117,0.0,0.0,0.22974729636560454,0.26591607738698925,0.0,0.0,6
0.24380134396219758,0.24380134396219758,0.006198656037802686,0.006198656037802686,0.24380134396219758,0.24380134396219758,0.006198656037802686,0.006198656037802686,0
0.21910759806683433,0.21910759806683433,0.030892401933165874,0.030892401933165874,0.21910759806683433,0.21910759806683433,0.030892401933165874,0.030892401933165874,1
0.2741368401459427,0.2741368401459427,0.008581726078152024,0.008581726078152024,0.2058530519893465,0.2058530519893465,0.011428381786558996,0.011428381786558996,2
0.3377637706747476,0.3377637706747476,0.013324071228564919,0.013324071228564919,0.1067565305676992,0.1067565305676992,0.042155627528988535,0.042155627528988535,3
0.30131827913329884,0.1986817208667015,0.0,0.0,0.30131827913329884,0.1986817208667015,0.0,0.0,4
0.24951991388762448,0.24951991388762448,0.0004800861123756433,0.0004800861123756433,0.24951991388762448,0.24951991388762448,0.0004800861123756433,0.0004800861123756433,5
0.36493479324113687,0.12055968916060548,0.0,0.0,0.13506520675886327,0.37944031083939456,0.0,0.0,6
0.22300070516254578,0.22300070516254578,0.02699929483745444,0.02699929483745444,0.22300070516254578,0.22300070516254578,0.02699929483745444,0.02699929483745444,0
0.24313263956831874,0.24313263956831874,0.006867360431681466,0.006867360431681466,0.24313263956831874,0.24313263956831874,0.006867360431681466,0.006867360431681466,1
0.3708437032869625,0.3708437032869625,0.00029833417410012476,0.00029833417410012476,0.12799358051685797,0.12799358051685797,0.0008643820220794276,0.0008643820220794276,2
0.34970956317155083,0.34970956317155083,0.006978238976007436,0.006978238976007436,0.12356216417218349,0.12356216417218349,0.01975003368025848,0.01975003368025848,3
0.2612206881009094,0.23877931189909102,0.0,0.0,0.2612206881009094,0.23877931189909102,0.0,0.0,4
0.23125962554463125,0.23125962554463125,0.018740374455368875,0.018740374455368875,0.23125962554463125,0.23125962554463125,0.018740374455368875,0.018740374455368875,5
0.31946376744800703,0.08618387332960319,0.0,0.0,0.18053623255199303,0.4138161266703968,0.0,0.0,6
0.2357661560876444,0.2357661560876444,0.014233843912355762,0.014233843912355762,0.2357661560876444,0.2357661560876444,0.014233843912355762,0.014233843912355762,0
0.2418024024774546,0.2418024024774546,0.008197597522545622,0.008197597522545622,0.2418024024774546,0.2418024024774546,0.008197597522545622,0.008197597522545622,1
0.227562430855698,0.227562430855698,0.032463110122035704,0.032463110122035704,0.20371029080998188,0.20371029080998188,0.03626416821228489,0.03626416821228489,2
0.37139298601416687,0.37139298601416687,0.00910427003361595,0.00910427003361595,0.07349780495937358,0.07349780495937358,0.04600493899284398,0.04600493899284398,3
0.4004226450829915,0.09957735491700873,0.0,0.0,0.4004226450829915,0.09957735491700873,0.0,0.0,4
0.24730792657279538,0.24730792657279538,0.0026920734272047457,0.0026920734272047457,0.24730792657279538,0.24730792657279538,0.0026920734272047457,0.0026920734272047457,5
0.4055252715070861,0.25904373807350184,0.0,0.0,0.09447472849291422,0.24095626192649847,0.0,0.0,6
0.23368210092361252,0.23368210092361252,0.01631789907638773,0.01631789907638773,0.23368210092361252,0.23368210092361252,0.01631789907638773,0.01631789907638773,0
0.23936863209746267,0.23936863209746267,0.010631367902537527,0.010631367902537527,0.23936863209746267,0.23936863209746267,0.010631367902537527,0.010631367902537527,1
0.3400388528507043,0.3400388528507043,0.010516644874888448,0.010516644874888448,0.11952567685350426,0.11952567685350426,0.029918825420903405,0.029918825420903405,2
0.2749147382710248,0.2749147382710248,0.0004125063480339229,0.0004125063480339229,0.22416686404330396,0.22416686404330396,0.0005058913376375512,0.0005058913376375512,3
0.40174234411619425,0.09825765588380624,0.0,0.0,0.40174234411619425,0.09825765588380624,0.0,0.0,4
0.24816565287575512,0.24816565287575512,0.0018343471242449915,0.0018343471242449915,0.24816565287575512,0.24816565287575512,0.0018343471242449915,0.0018343471242449915,5
0.3179256415463509,0.11354899857852853,0.0,0.0,0.18207435845364925,0.3864510014214716,0.0,0.0,6
0.232029372880413,0.232029372880413,0.017970627119587232,0.017970627119587232,0.232029372880413,0.232029372880413,0.017970627119587232,0.017970627119587232,0
0.24762042940184903,0.24762042940184903,0.00237957059815119,0.00237957059815119,0.24762042940184903,0.24762042940184903,0.00237957059815119,0.00237957059815119,1
0.2633721992782088,0.2633721992782088,1.363703705896308e-05,1.363703705896308e-05,0.2365989834993035,0.2365989834993035,1.5180185429106522e-05,1.5180185429106522e-05,2
0.36189929885747063,0.36189929885747063,5.242208759939211e-07,5.242208759939211e-07,0.13809880315762996,0.13809880315762996,1.373764023516574e-06,1.373764023516574e-06,3
0.35040759212960787,0.14959240787039238,0.0,0.0,0.35040759212960787,0.14959240787039238,0.0,0.0,4
0.24962522727255984,0.24962522727255984,0.0003747727274402684,0.0003747727274402684,0.24962522727255984,0.24962522727255984,0.0003747727274402684,0.0003747727274402684,5
0.31084658554557537,0.23882606458196196,0.0,0.0,0.18915341445442496,0.2611739354180385,0.0,0.0,6
0.24957951257371197,0.24957951257371197,0.00042048742628829,0.00042048742628829,0.24957951257371197,0.24957951257371197,0.00042048742628829,0.00042048742628829,0
0.22499778180535754,0.22499778180535754,0.025002218194642566,0.025002218194642566,0.22499778180535754,0.22499778180535754,0.025002218194642566,0.025002218194642566,1
0.3714336173945637,0.3714336173945637,0.008883654095959287,0.008883654095959287,0.07661339750429205,0.07661339750429205,0.04306933100518526,0.04306933100518526,2
0.3884495601361067,0.3884495601361067,0.004149158088521709,0.004149158088521709,0.08936603303927698,0.08936603303927698,0.018035248736094807,0.018035248736094807,3
0.3864523375583413,0.11354766244165901,0.0,0.0,0.3864523375583413,0.11354766244165901,0.0,0.0,4
0.24163964493448634,0.24163964493448634,0.008360355065513777,0.008360355065513777,0.24163964493448634,0.24163964493448634,0.008360355065513777,0.008360355065513777,5
0.3576670301742584,0.1214340896346533,0.0,0.0,0.1423329698257417,0.3785659103653468,0.0,0.0,6
0.21839240068913324,0.21839240068913324,0.031607599310866916,0.031607599310866916,0.21839240068913324,0.21839240068913324,0.031607599310866916,0.031607599310866916,0
0.2497336552351925,0.2497336552351925,0.0002663447648076499,0.0002663447648076499,0.2497336552351925,0.2497336552351925,0.0002663447648076499,0.0002663447648076499,1
0.2957156056145556,0.2957156056145556,0.00010683553058042197,0.00010683553058042197,0.2040227087706893,0.2040227087706893,0.00015485008417494669,0.00015485008417494669,2
0.3076558054368723,0.3076558054368723,0.0016345476289692411,0.0016345476289692411,0.18803526526103276,0.18803526526103276,0.0026743816731258393,0.0026743816731258393,3
0.3949419903113302,0.10505800968867013,0.0,0.0,0.3949419903113302,0.10505800968867013,0.0,0.0,4
0.21364218810782382,0.21364218810782382,0.036357811892176316,0.036357811892176316,0.21364218810782382,0.21364218810782382,0.036357811892176316,0.036357811892176316,5
0.26302034269718105,0.11242044534765024,0.0,0.0,0.2369796573028191,0.3875795546523501,0.0,0.0,6
0.21690986707070126,0.21690986707070126,0.033090132929298896,0.033090132929298896,0.21690986707070126,0.21690986707070126,0.033090132929298896,0.033090132929298896,0
0.24999511135986585,0.24999511135986585,4.888640134378657e-06,4.888640134378657e-06,0.24999511135986585,0.24999511135986585,4.888640134378657e-06,4.888640134378657e-06,1
0.3410230000804283,0.3410230000804283,0.00946131889167244,0.00946131889167244,0.12336038535630744,0.12336038535630744,0.026155295671592152,0.026155295671592152,2
0.2654141384811387,0.2654141384811387,0.0007473575170332305,0.0007473575170332305,0.2329871297144851,0.2329871297144851,0.0008513742873430727,0.0008513742873430727,3
0.2854974879166774,0.21450251208332294,0.0,0.0,0.2854974879166774,0.21450251208332294,0.0,0.0,4
0.21520912276316803,0.21520912276316803,0.034790877236832114,0.034790877236832114,0.21520912276316803,0.21520912276316803,0.034790877236832114,0.034790877236832114,5
0.361062111511721,0.16490928812254124,0.0,0.0,0.13893788848827923,0.33509071187745904,0.0,0.0,6
0.2336783480309218,0.2336783480309218,0.016321651969078414,0.016321651969078414,0.2336783480309218,0.2336783480309218,0.016321651969078414,0.016321651969078414,0
0.23622802637512594,0.23622802637512594,0.013771973624874189,0.013771973624874189,0.23622802637512594,0.23622802637512594,0.013771973624874189,0.013771973624874189,1
0.3820819170626768,0.3820819170626768,0.006085130406385712,0.006085130406385712,0.08422961856190965,0.08422961856190965,0.027603333969028074,0.027603333969028074,2
0.23952477505448677,0.23952477505448677,0.015164732473373826,0.015164732473373826,0.22948211689502235,0.22948211689502235,0.01582837557711724,0.01582837557711724,3
0.404598694749596,0.0954013052504044,0.0,0.0,0.404598694749596,0.0954013052504044,0.0,0.0,4
0.2386304253070448,0.2386304253070448,0.011369574692955377,0.011369574692955377,0.2386304253070448,0.2386304253070448,0.011369574692955377,0.011369574692955377,5
0.41145198741554473,0.07820601312151075,0.0,0.0,0.08854801258445565,0.42179398687848957,0.0,0.0,6
0.24329562800876242,0.24329562800876242,0.006704371991237785,0.006704371991237785,0.24329562800876242,0.24329562800876242,0.006704371991237785,0.006704371991237785,0
0.2293893798147031,0.2293893798147031,0.020610620185297156,0.020610620185297156,0.2293893798147031,0.2293893798147031,0.020610620185297156,0.020610620185297156,1
0.3117159295169316,0.3117159295169316,0.014140730680606502,0.014140730680606502,0.14340624801481147,0.14340624801481147,0.03073709178765061,0.03073709178765061,2
0.3258429094673332,0.3258429094673332,0.002214563180072227,0.002214563180072227,0.16763801620329274,0.16763801620329274,0.004304511149302126,0.004304511149302126,3
0.2534055367048071,0.24659446329519313,0.0,0.0,0.2534055367048071,0.24659446329519313,0.0,0.0,4
0.23141639677629197,0.23141639677629197,0.01858360322370813,0.01858360322370813,0.23141639677629197,0.23141639677629197,0.01858360322370813,0.01858360322370813,5
0.3201271253642842,0.15220523779819178,0.0,0.0,0.17987287463571613,0.34779476220180855,0.0,0.0,6
0.24446939883134544,0.24446939883134544,0.0055306011686547685,0.0055306011686547685,0.24446939883134544,0.24446939883134544,0.0055306011686547685,0.0055306011686547685,0
0.24327719738538356,0.24327719738538356,0.006722802614616687,0.006722802614616687,0.24327719738538356,0.24327719738538356,0.006722802614616687,0.006722802614616687,1
0.30713494812507813,0.30713494812507813,0.007035518654706261,0.007035518654706261,0.17336537379964156,0.17336537379964156,0.012464159420574524,0.012464159420574524,2
0.38894802545005436,0.38894802545005436,0.0012919973821437264,0.0012919973821437264,0.10497283554130288,0.10497283554130288,0.004787141626499353,0.004787141626499353,3
0.3789783434116591,0.12102165658834121,0.0,0.0,0.3789783434116591,0.12102165658834121,0.0,0.0,4
0.22273297214611454,0.22273297214611454,0.02726702785388562,0.02726702785388562,0.22273297214611454,0.22273297214611454,0.02726702785388562,0.02726702785388562,5
0.2550877192687766,0.12430296555751408,0.0,0.0,0.24491228073122379,0.37569703444248637,0.0,0.0,6
0.2371783956504856,0.2371783956504856,0.012821604349514645,0.012821604349514645,0.2371783956504856,0.2371783956504856,0.012821604349514645,0.012821604349514645,0
0.23525718737183743,0.23525718737183743,0.014742812628162792,0.014742812628162792,0.23525718737183743,0.23525718737183743,0.014742812628162792,0.014742812628162792,1
0.269604999806266,0.269604999806266,0.001107959306586886,0.001107959306586886,0.2279767698060554,0.2279767698060554,0.0013102710810922878,0.0013102710810922878,2
0.2666809695029453,0.2666809695029453,0.024200719228286115,0.024200719228286115,0.171482587707968,0.171482587707968,0.037635723560801096,0.037635723560801096,3
0.3959389025588892,0.10406109744111106,0.0,0.0,0.3959389025588892,0.10406109744111106,0.0,0.0,4
0.24906025923920794,0.24906025923920794,0.0009397407607921114,0.0009397407607921114,0.24906025923920794,0.24906025923920794,0.0009397407607921114,0.0009397407607921114,5
0.356028443033718,0.14262689275164417,0.0,0.0,0.1439715569662823,0.35737310724835625,0.0,0.0,6
0.24617735716975178,0.24617735716975178,0.003822642830248504,0.003822642830248504,0.24617735716975178,0.24617735716975178,0.003822642830248504,0.003822642830248504,0
0.23679685453837895,0.23679685453837895,0.013203145461621182,0.013203145461621182,0.23679685453837895,0.23679685453837895,0.013203145461621182,0.013203145461621182,1
0.3364098427359961,0.3364098427359961,0.0022046185015909573,0.0022046185015909573,0.15665109787121173,0.15665109787121173,0.0047344408912015565,0.0047344408912015565,2
0.30683741687815225,0.30683741687815225,0.008951639081042712,0.008951639081042712,0.1678466111962067,0.1678466111962067,0.016364332844598633,0.016364332844598633,3
0.36229412833313007,0.13770587166687037,0.0,0.0,0.36229412833313007,0.13770587166687037,0.0,0.0,4
0.22585657481815347,0.22585657481815347,0.024143425181846662,0.024143425181846662,0.22585657481815347,0.22585657481815347,0.024143425181846662,0.024143425181846662,5
0.3223520462239258,0.14269398650853407,0.0,0.0,0.17764795377607448,0.3573060134914663,0.0,0.0,6
0.2392537463130514,0.2392537463130514,0.010746253686948828,0.010746253686948828,0.2392537463130514,0.2392537463130514,0.010746253686948828,0.010746253686948828,0
0.24951435012826478,0.24951435012826478,0.0004856498717353868,0.0004856498717353868,0.24951435012826478,0.24951435012826478,0.0004856498717353868,0.0004856498717353868,1
0.3434660476331879,0.3434660476331879,0.014197383202756556,0.014197383202756556,0.08490166125944777,0.08490166125944777,0.05743490790460797,0.05743490790460797,2
0.40301346150925305,0.40301346150925305,0.0030221567094183823,0.0030221567094183823,0.07843622758233099,0.07843622758233099,0.015528154198997748,0.015528154198997748,3
0.3369663026381619,0.1630336973618384,0.0,0.0,0.3369663026381619,0.1630336973618384,0.0,0.0,4
0.2499690373718076,0.2499690373718076,3.0962628192485124e-05,3.0962628192485124e-05,0.2499690373718076,0.2499690373718076,3.0962628192485124e-05,3.0962628192485124e-05,5
0.3679311126636813,0.15300135631618675,0.0,0.0,0.13206888733631889,0.34699864368381333,0.0,0.0,6
0.24277297954061894,0.24277297954061894,0.007227020459381322,0.007227020459381322,0.24277297954061894,0.24277297954061894,0.007227020459381322,0.007227020459381322,0
0.24976979884063372,0.24976979884063372,0.000230201159366358,0.000230201159366358,0.24976979884063372,0.24976979884063372,0.000230201159366358,0.000230201159366358,1
0.24130988112871374,0.24130988112871374,0.026472243989375897,0.026472243989375897,0.20033049823972635,0.20033049823972635,0.03188737664218434,0.03188737664218434,2
0.33350234582161664,0.33350234582161664,0.0025462676170570917,0.0025462676170570917,0.15859702233117784,0.15859702233117784,0.0053543642301487285,0.0053543642301487285,3
0.2940594540123553,0.20594054598764516,0.0,0.0,0.2940594540123553,0.20594054598764516,0.0,0.0,4
0.24987676366656392,0.24987676366656392,0.0001232363334362293,0.0001232363334362293,0.24987676366656392,0.24987676366656392,0.0001232363334362293,0.0001232363334362293,5
0.3687414217517233,0.09878943383512193,0.0,0.0,0.1312585782482771,0.4012105661648784,0.0,0.0,6
0.21888920604023315,0.21888920604023315,0.031110793959767104,0.031110793959767104,0.21888920604023315,0.21888920604023315,0.031110793959767104,0.031110793959767104,0
0.2496865350796838,0.2496865350796838,0.0003134649203163538,0.0003134649203163538,0.2496865350796838,0.2496865350796838,0.0003134649203163538,0.0003134649203163538,1
0.3176898379434762,0.3176898379434762,0.00017953957585730243,0.00017953957585730243,0.1818169118462743,0.1818169118462743,0.0003137106343923181,0.0003137106343923181,2
0.39030721253876777,0.39030721253876777,9.747570504416854e-06,9.747570504416854e-06,0.10964834217440045,0.10964834217440045,3.4697716328011187e-05,3.4697716328011187e-05,3
0.3718793423073363,0.12812065769266387,0.0,0.0,0.3718793423073363,0.12812065769266387,0.0,0.0,4
0.249158364131273,0.249158364131273,0.0008416358687271012,0.0008416358687271012,0.249158364131273,0.249158364131273,0.0008416358687271012,0.0008416358687271012,5
0.3797837489321671,0.14311146455421567,0.0,0.0,0.12021625106783315,0.3568885354457846,0.0,0.0,6
0.24600000710798556,0.24600000710798556,0.003999992892014667,0.003999992892014667,0.24600000710798556,0.24600000710798556,0.003999992892014667,0.003999992892014667,0
0.2473191280833919,0.2473191280833919,0.0026808719166082438,0.0026808719166082438,0.2473191280833919,0.2473191280833919,0.0026808719166082438,0.0026808719166082438,1
0.34941598431729853,0.34941598431729853,0.0060979435377298795,0.0060979435377298795,0.1278158470273344,0.1278158470273344,0.016670225117637605,0.016670225117637605,2
0.2662425089776884,0.2662425089776884,0.000664175492148996,0.000664175492148996,0.2323321995515228,0.2323321995515228,0.0007611159786399941,0.0007611159786399941,3
0.29931746392576586,0.20068253607423456,0.0,0.0,0.29931746392576586,0.20068253607423456,0.0,0.0,4
0.24447167095597935,0.24447167095597935,0.005528329044020773,0.005528329044020773,0.24447167095597935,0.24447167095597935,0.005528329044020773,0.005528329044020773,5
0.2582483363924302,0.16238502043973127,0.0,0.0,0.24175166360756994,0.3376149795602689,0.0,0.0,6
