0.1794031420236197,0.0705968579763804,0.021993335367801372,0.22800666463219876,0.1794031420236197,0.0705968579763804,0.021993335367801372,0.22800666463219876,0
0.19045824103873354,0.1813447448486527,0.11735388687100026,0.010843127241613796,0.19045824103873354,0.1813447448486527,0.11735388687100026,0.010843127241613796,1
0.10415496048268548,0.12502353250615933,0.18217273028972492,0.008935045315062335,0.06251184351809193,0.20830966349306346,0.3035295786606866,0.00536264573452638,2
0.07252204618725908,0.0890536144635341,0.3081550917535739,0.0076122968563046905,0.06369148177186788,0.10140053523011916,0.3508795395440575,0.0066853941932840276,3
0.12245156231749266,0.12754843768250745,0.21437535829763257,0.03562464170236754,0.12245156231749266,0.12754843768250745,0.21437535829763257,0.03562464170236754,4
0.09747836770193721,0.1742346133198871,0.20168151800002487,0.026605500978150814,0.09747836770193721,0.1742346133198871,0.20168151800002487,0.026605500978150814,5
0.018462959909227254,0.23153704009077275,0.1412445588401947,0.10875544115980534,0.018462959909227254,0.23153704009077275,0.1412445588401947,0.10875544115980534,6
0.12783429469643703,0.12216570530356297,0.21711738706341252,0.032882612936587514,0.12783429469643703,0.12216570530356297,0.21711738706341252,0.032882612936587514,7
0.025699935360025447,0.1721189289317558,0.3004846211155689,0.00169651459264992,0.025699935360025447,0.1721189289317558,0.3004846211155689,0.00169651459264992,8
0.11640806450086802,0.15348917003345058,0.14646459423275052,0.007714066139331705,0.05025873949990935,0.17984402596577226,0.33923771471766107,0.006583624910257016,9
0.09471722720343907,0.1638111772886003,0.3459022201518066,0.013372903124986273,0.08700008390180916,0.16561891600525308,0.12474958169413383,0.004827890629971862,10
0.14833134999390063,0.10166865000609941,0.016565092719082755,0.23343490728091726,0.14833134999390063,0.10166865000609941,0.016565092719082755,0.23343490728091726,0
0.12548045971196878,0.17197377103437708,0.19395763801878702,0.008588131234867513,0.12548045971196878,0.17197377103437708,0.19395763801878702,0.008588131234867513,1
0.13044780927424338,0.07243789991928,0.10554980922570686,0.011190605629481605,0.03621899472653398,0.26089529607994283,0.3801524997247046,0.003107085420107116,2
0.06971090555305288,0.05487695960423774,0.2432330063928182,0.009455813403086646,0.035695678512920374,0.10717046733332253,0.47501529155405975,0.004841877646502079,3
0.11539803658040933,0.13460196341959077,0.22510162143043794,0.024898378569562105,0.11539803658040933,0.13460196341959077,0.22510162143043794,0.024898378569562105,4
0.0886496653275286,0.1874549318191815,0.19793913943291402,0.02595626342037606,0.0886496653275286,0.1874549318191815,0.19793913943291402,0.02595626342037606,5
0.05135893361517267,0.19864106638482742,0.09819361013033288,0.1518063898696673,0.05135893361517267,0.19864106638482742,0.09819361013033288,0.1518063898696673,6
0.16886687714906834,0.08113312285093181,0.1882028292447901,0.06179717075521006,0.16886687714906834,0.08113312285093181,0.1882028292447901,0.06179717075521006,7
0.034044288173478134,0.17252447243990593,0.29214026830211626,0.0012909710844998467,0.034044288173478134,0.17252447243990593,0.29214026830211626,0.0012909710844998467,8
0.09176545833245267,0.2743998029789966,0.2182783593452029,0.0025278353791956163,0.07490134566832464,0.058933393020226155,0.2674239496052085,0.011769855670393105,9
0.1505331175286725,0.14656177299367168,0.23851018209036695,0.029104052694188427,0.12287544189720478,0.15201951744339118,0.1404503714349446,0.019945543917560274,10
0.13855167163993798,0.11144832836006219,0.0046265225110954985,0.24537347748890465,0.13855167163993798,0.11144832836006219,0.0046265225110954985,0.24537347748890465,0
0.13482503661877393,0.17177405642472113,0.18453541226177633,0.00886549469472903,0.13482503661877393,0.17177405642472113,0.18453541226177633,0.00886549469472903,1
0.11945026833645243,0.09443295460880928,0.1375989689746202,0.01024716975107474,0.04721653566432493,0.2389002413904136,0.3481033399757913,0.00405052129851399,2
0.12288819189478768,0.12347057347379449,0.21487888059283672,0.007977855747961018,0.09734860566868128,0.15586330612733756,0.2712527511929737,0.0063198353016277065,3
0.05720393470254423,0.19279606529745577,0.21609914772535604,0.03390085227464399,0.05720393470254423,0.19279606529745577,0.21609914772535604,0.03390085227464399,4
0.06830532158125469,0.1932802153225628,0.21703110088594163,0.021383362210241424,0.06830532158125469,0.1932802153225628,0.21703110088594163,0.021383362210241424,5
0.032131846271137576,0.21786815372886248,0.1193595990435502,0.13064040095644988,0.032131846271137576,0.21786815372886248,0.1193595990435502,0.13064040095644988,6
0.09155167828710886,0.1584483217128912,0.2397005317872429,0.010299468212757141,0.09155167828710886,0.1584483217128912,0.2397005317872429,0.010299468212757141,7
0.060234429851761404,0.1712352241131231,0.26595012662383294,0.002580219411282625,0.060234429851761404,0.1712352241131231,0.26595012662383294,0.002580219411282625,8
0.11969157119459609,0.22109804518769718,0.13689576142192614,0.004814112517047152,0.046975232806181225,0.11223515081152564,0.3488065475284852,0.00948357853254157,9
0.11997758739456707,0.15602914684051553,0.23031184768134594,0.018495875577513376,0.09744810594278518,0.16129524378583118,0.20463157193249096,0.011810620844951575,10
0.1018916868485224,0.14810831315147763,0.02197909912132482,0.22802090087867516,0.1018916868485224,0.14810831315147763,0.02197909912132482,0.22802090087867516,0
0.14231654482678865,0.10819295993010536,0.24232619645093653,0.007164298792169647,0.14231654482678865,0.10819295993010536,0.24232619645093653,0.007164298792169647,1
0.12581712937239173,0.08169924827588734,0.1190445896279827,0.0107933577732984,0.04084967462838568,0.2516339477233355,0.3666577193224289,0.003504333276290324,2
0.040165422870094995,0.06583319023211709,0.3245288189197546,0.008202537553703445,0.029846180650503252,0.08859485089646821,0.4367338453814738,0.0060951534958852815,3
0.14861125881174048,0.10138874118825966,0.23542311697662446,0.014576883023375708,0.14861125881174048,0.10138874118825966,0.23542311697662446,0.014576883023375708,4
0.04588669617531445,0.20979149678911363,0.23125019658223694,0.013071610453335207,0.04588669617531445,0.20979149678911363,0.23125019658223694,0.013071610453335207,5
0.026548317429779884,0.22345168257022024,0.13035656664540865,0.11964343335459149,0.026548317429779884,0.22345168257022024,0.13035656664540865,0.11964343335459149,6
0.11259599481076799,0.13740400518923215,0.22842238511356133,0.021577614886438896,0.11259599481076799,0.13740400518923215,0.22842238511356133,0.021577614886438896,7
0.04250219408891146,0.1730355460744414,0.28368236238668293,0.0007798974499643453,0.04250219408891146,0.1730355460744414,0.28368236238668293,0.0007798974499643453,8
0.1210596447159947,0.22315078344123168,0.13290890589817034,0.004726064228706927,0.04560715928478262,0.11018241255799113,0.3527934030522411,0.009571626820881793,9
0.0841045260617215,0.1664785115694876,0.2714943393739169,0.008202805339083633,0.08374574169969178,0.16656542788699674,0.2130245058158586,0.006384142253243581,10
0.09938491425694099,0.15061508574305904,0.025467895486907796,0.22453210451309227,0.09938491425694099,0.15061508574305904,0.025467895486907796,0.22453210451309227,0
0.10851249337661585,0.15826907971739426,0.22556059666124817,0.007657830244741938,0.10851249337661585,0.15826907971739426,0.22556059666124817,0.007657830244741938,1
0.0967823514996296,0.1397687322470936,0.20365807182205597,0.008302578123403325,0.0698844525011478,0.19356446375212932,0.2820442371283556,0.0059951129261853996,2
0.05391075838026226,0.09132999673291994,0.32966681244721785,0.007477948173734688,0.049165560104712985,0.10014468209559987,0.3614844991896985,0.00681974287585403,3
0.08088725653206175,0.1691127434679385,0.22218483167345762,0.02781516832654255,0.08088725653206175,0.1691127434679385,0.22218483167345762,0.02781516832654255,4
0.11309045896594656,0.16958441294550217,0.16694777158659146,0.050377356501959944,0.11309045896594656,0.16958441294550217,0.16694777158659146,0.050377356501959944,5
0.007839437345760434,0.24216056265423969,0.1647665626798157,0.08523343732018443,0.007839437345760434,0.24216056265423969,0.1647665626798157,0.08523343732018443,6
0.11902172485620574,0.13097827514379434,0.2253154140264367,0.024684585973563444,0.11902172485620574,0.13097827514379434,0.2253154140264367,0.024684585973563444,7
0.053528169890274674,0.17231808295526024,0.27265638658531977,0.0014973605691455307,0.053528169890274674,0.17231808295526024,0.27265638658531977,0.0014973605691455307,8
0.11344777971168343,0.25476294460583837,0.15509149006769446,0.003370120928831068,0.0532190242890939,0.0785702513933845,0.330610818882717,0.010927570120757657,9
0.1552947792032249,0.14372399160898977,0.1927128855163836,0.030733861995962834,0.09203543655844271,0.15850655707047895,0.21232601167313747,0.01466647637337986,10
0.14373697207128158,0.10626302792871867,0.006089014386223542,0.24391098561377667,0.14373697207128158,0.10626302792871867,0.006089014386223542,0.24391098561377667,0
0.11382736424075739,0.1854167540049518,0.1921134632733772,0.008642418480913964,0.11382736424075739,0.1854167540049518,0.1921134632733772,0.008642418480913964,1
0.12957915259513542,0.07417521113016631,0.1080812584681486,0.01111608698192903,0.037087651405641985,0.2591579848690565,0.37762105048226297,0.0031816040676596923,2
0.10415821378279086,0.029656592833548955,0.1364599152702442,0.011524621505079592,0.025062686034783933,0.12325006713721157,0.5671148338918321,0.0027730695445091305,3
0.12279740806949416,0.1272025919305059,0.22141811097787545,0.0285818890221246,0.12279740806949416,0.1272025919305059,0.22141811097787545,0.0285818890221246,4
0.06408143137169382,0.19991804914169864,0.19800267143011943,0.03799784805648819,0.06408143137169382,0.19991804914169864,0.19800267143011943,0.03799784805648819,5
0.015800072215835473,0.23419992778416462,0.14705067121326204,0.10294932878673804,0.015800072215835473,0.23419992778416462,0.14705067121326204,0.10294932878673804,6
0.10083209536994918,0.14916790463005092,0.23498702281061967,0.015012977189380435,0.10083209536994918,0.14916790463005092,0.23498702281061967,0.015012977189380435,7
0.044034396849977425,0.17215765758722004,0.28215015962561707,0.0016577859371857495,0.044034396849977425,0.17215765758722004,0.28215015962561707,0.0016577859371857495,8
0.1251247319686483,0.22176747402534053,0.12106238207156902,0.004785398645116042,0.041542072032129104,0.11156572197388234,0.3646399268788425,0.00951229240447268,9
0.1377418964634833,0.15079191237990106,0.2711757896305439,0.025458958576188365,0.0968517298351994,0.15948935238597067,0.14659969702196202,0.011890663706751415,10
0.08990776330258717,0.16009223669741288,0.0112246149833217,0.23877538501667842,0.08990776330258717,0.16009223669741288,0.0112246149833217,0.23877538501667842,0
0.1807015151207861,0.17375788165539097,0.13522350663483063,0.010317096588992469,0.1807015151207861,0.17375788165539097,0.13522350663483063,0.010317096588992469,1
0.08728271321627819,0.15876798533057696,0.2313420265008532,0.007487641435365733,0.07938409078449918,0.1745652106686459,0.2543602824495584,0.006810049614222989,2
0.0609268365894404,0.060388870528475615,0.29402773215041317,0.00856541405423313,0.04077438657023651,0.09023563947851113,0.4393488436333348,0.0057322769953555884,3
0.1161808539510789,0.13381914604892117,0.23498396126076215,0.015016038739237937,0.1161808539510789,0.13381914604892117,0.23498396126076215,0.015016038739237937,4
0.06519493289577441,0.19906844932327883,0.21166327278215796,0.02407334499878897,0.06519493289577441,0.19906844932327883,0.21166327278215796,0.02407334499878897,5
0.055362047210019166,0.19463795278998092,0.09880262350583974,0.15119737649416037,0.055362047210019166,0.19463795278998092,0.09880262350583974,0.15119737649416037,6
0.15084075051398782,0.09915924948601225,0.19687740930195186,0.05312259069804821,0.15084075051398782,0.09915924948601225,0.19687740930195186,0.05312259069804821,7
0.014405703247385035,0.16858063447224664,0.3117788532282094,0.0052348090521591945,0.014405703247385035,0.16858063447224664,0.3117788532282094,0.0052348090521591945,8
0.1181389607316198,0.18088162327545876,0.14142039661421454,0.006539119154617194,0.04852784326915751,0.15245157272376403,0.34428191233619687,0.007758571894971526,9
0.15602097841479037,0.14536857951635626,0.27299501843705465,0.031473928400353936,0.10148714383139626,0.15639393548649536,0.12186597226794746,0.014394443645605996,10
0.10164423740524457,0.1483557625947556,0.015579834983520063,0.2344201650164801,0.10164423740524457,0.1483557625947556,0.015579834983520063,0.2344201650164801,0
0.1045246843487024,0.15562529676972026,0.23239332466655063,0.007456694215026955,0.1045246843487024,0.15562529676972026,0.23239332466655063,0.007456694215026955,1
0.12018104524575647,0.09297140259669047,0.13546933053639254,0.010309860234269901,0.046485758755020895,0.2403617934025324,0.35023297841401896,0.003987830815318827,2
0.05865332483600264,0.033891333735496215,0.17530771348732482,0.011009103756059894,0.017520643192478213,0.11345698812968429,0.5868723055694256,0.0032885872935288288,3
0.09335540893493494,0.15664459106506523,0.23062844046449443,0.019371559535505706,0.09335540893493494,0.15664459106506523,0.23062844046449443,0.019371559535505706,4
0.07198487375924316,0.1784428793618983,0.24223641525698816,0.0073358316218706185,0.07198487375924316,0.1784428793618983,0.24223641525698816,0.0073358316218706185,5
0.034999796002715196,0.21500020399728492,0.11552298278336323,0.1344770172166369,0.034999796002715196,0.21500020399728492,0.11552298278336323,0.1344770172166369,6
0.12571442747094394,0.1242855725290562,0.22123766472859768,0.028762335271402414,0.12571442747094394,0.1242855725290562,0.22123766472859768,0.028762335271402414,7
0.05102554287357455,0.17238119385254883,0.2751590136020198,0.0014342496718569248,0.05102554287357455,0.17238119385254883,0.2751590136020198,0.0014342496718569248,8
0.0849075534766211,0.17814884261842506,0.23826374421539043,0.00665633656353272,0.08175925052415624,0.15518435338079775,0.24743856473502104,0.007641354486056003,9
0.12902929079528294,0.15315564357626937,0.2268413626956052,0.021533673997675137,0.0844167801520265,0.1636331945012306,0.21208167930827426,0.009308374973636548,10
0.12504514050323692,0.12495485949676313,0.00015295219741121518,0.24984704780258882,0.12504514050323692,0.12495485949676313,0.00015295219741121518,0.24984704780258882,0
0.14839339800925783,0.12674705269385675,0.21694819448951114,0.007911354807374553,0.14839339800925783,0.12674705269385675,0.21694819448951114,0.007911354807374553,1
0.11665926472103517,0.10001495494024953,0.14573254367429944,0.010007740503896426,0.05000753927974222,0.2333182410589734,0.3399697652761121,0.004289950545692305,2
0.05826999418638784,0.06605460141525143,0.22196754780823094,0.009722120834696365,0.027423897969841914,0.14035208432745844,0.4716341832432415,0.004575570214892365,3
0.08045766809664275,0.1695423319033575,0.21986454507502956,0.03013545492497061,0.08045766809664275,0.1695423319033575,0.21986454507502956,0.03013545492497061,4
0.09365500106530548,0.18060552199462732,0.19543194883688633,0.030307528103181176,0.09365500106530548,0.18060552199462732,0.19543194883688633,0.030307528103181176,5
0.029901246450975198,0.22009875354902486,0.12206353302533801,0.1279364669746621,0.029901246450975198,0.22009875354902486,0.12206353302533801,0.1279364669746621,6
0.1318528021555691,0.11814719784443097,0.21454816637922067,0.035451833620779374,0.1318528021555691,0.11814719784443097,0.21454816637922067,0.035451833620779374,7
0.069167323757287,0.16978476879060148,0.25701723271830745,0.0040306747338043096,0.069167323757287,0.16978476879060148,0.25701723271830745,0.0040306747338043096,8
0.12783883169976643,0.18564818168412395,0.11315292155224656,0.006334666731891578,0.0388279723010109,0.14768501431509887,0.3725493873981649,0.007963024317697144,9
0.1474089822959481,0.14609647852933136,0.18258912731530702,0.027831225125467176,0.0973137583795738,0.15816456638103243,0.22505724496035973,0.015538617012980442,10
0.08635691976703233,0.16364308023296772,0.02911306160752681,0.2208869383924733,0.08635691976703233,0.16364308023296772,0.02911306160752681,0.2208869383924733,0
0.1659843700935403,0.17234979989450797,0.15183781117478104,0.009828018837170946,0.1659843700935403,0.17234979989450797,0.15183781117478104,0.009828018837170946,1
0.1278042690588133,0.07772497381527717,0.11325364439633676,0.010963826688684213,0.038862534941964066,0.2556082221839457,0.37244866455407477,0.0033338643609045083,2
0.04183790683090104,0.027539115884309774,0.1600462630416371,0.011424101504363328,0.010523801072449549,0.10948315695451996,0.6362720651665942,0.0028735895452253954,3
0.13472562249774664,0.11527437750225344,0.21249576739503956,0.03750423260496056,0.13472562249774664,0.11527437750225344,0.21249576739503956,0.03750423260496056,4
0.024557569335860018,0.228053306178479,0.23264965604931334,0.014739468436347797,0.024557569335860018,0.228053306178479,0.23264965604931334,0.014739468436347797,5
0.018150502887032,0.23184949711296812,0.14239266047876603,0.10760733952123411,0.018150502887032,0.23184949711296812,0.14239266047876603,0.10760733952123411,6
0.10558310432260756,0.14441689567739247,0.2324710673226346,0.017528932677365532,0.10558310432260756,0.14441689567739247,0.2324710673226346,0.017528932677365532,7
0.06765004712087003,0.16998175617955644,0.2585345093547244,0.0038336873448493263,0.06765004712087003,0.16998175617955644,0.2585345093547244,0.0038336873448493263,8
0.13056679533563628,0.2357573526005322,0.1052030586829224,0.004185329512818112,0.03610000866514113,0.09757584339869077,0.38049925026748926,0.010112361536770614,9
0.12431047998359532,0.15542436245476843,0.2857509786173468,0.020860177902585,0.08544624411680596,0.1642490848792767,0.1568614102334409,0.007097261812181506,10
0.1212451507688774,0.12875484923112268,0.001196930963170237,0.24880306903682986,0.1212451507688774,0.12875484923112268,0.001196930963170237,0.24880306903682986,0
0.16464962247698336,0.18759115620717964,0.1375094153617516,0.01024980595408545,0.16464962247698336,0.18759115620717964,0.1375094153617516,0.01024980595408545,1
0.13095488714222212,0.07142374543682517,0.10407207709559561,0.011234105849803888,0.035711916858555286,0.26190945056239767,0.38163023185481604,0.0030635851997848403,2
0.07219271037896913,0.03772033630478916,0.1396874079951944,0.011465736197069719,0.017831083234452056,0.1527183333981358,0.5655524376388711,0.0028319548525189936,3
0.040960094975760926,0.20903990502423922,0.18080202046566235,0.0691979795343378,0.040960094975760926,0.20903990502423922,0.18080202046566235,0.0691979795343378,4
0.054922845571025426,0.20483515292305537,0.21327999645329393,0.026962005052625165,0.054922845571025426,0.20483515292305537,0.21327999645329393,0.026962005052625165,5
0.044722726200741976,0.2052772737992581,0.10134949405214826,0.14865050594785179,0.044722726200741976,0.2052772737992581,0.10134949405214826,0.14865050594785179,6
0.12237780715060989,0.12762219284939014,0.22066002801972978,0.029339971980270316,0.12237780715060989,0.12762219284939014,0.22066002801972978,0.029339971980270316,7
0.012550639916597583,0.17012447166890923,0.31363391655899675,0.0036909718554965017,0.012550639916597583,0.17012447166890923,0.31363391655899675,0.0036909718554965017,8
0.1250769783430664,0.18096731785837158,0.12120154623413217,0.006535443449089459,0.041589825657710924,0.15236587814085115,0.3645007627162793,0.00776224760049926,9
0.1768450621316379,0.13606450585045085,0.19241285562468408,0.039018894611178453,0.14143702223365567,0.14295594070275147,0.14167417296121093,0.029591545884430734,10
0.14268839305188258,0.10731160694811745,0.017277121143054106,0.23272287885694598,0.14268839305188258,0.10731160694811745,0.017277121143054106,0.23272287885694598,0
0.1307497410005937,0.1709395474794707,0.18959413108292952,0.008716580437006256,0.1307497410005937,0.1709395474794707,0.18959413108292952,0.008716580437006256,1
0.09607371685032434,0.14118599979395063,0.20572318303261344,0.008241787137798585,0.07059308715045297,0.19214719620527215,0.27997912591779794,0.006055903911790142,2
0.13331168991260928,0.09232060892010602,0.15568349624336666,0.009818108604506064,0.06082441434623658,0.2023433603296495,0.3412187391984434,0.004479582445082656,3
0.07089754685063257,0.17910245314936757,0.2167359826588281,0.03326401734117205,0.07089754685063257,0.17910245314936757,0.2167359826588281,0.03326401734117205,4
0.06562313448256936,0.1947508248797532,0.20553230566340822,0.034093734974269506,0.06562313448256936,0.1947508248797532,0.20553230566340822,0.034093734974269506,5
0.014831480412235462,0.23516851958776464,0.1483912386425589,0.10160876135744112,0.014831480412235462,0.23516851958776464,0.1483912386425589,0.10160876135744112,6
0.1714754831150055,0.07852451688499454,0.18505100425650728,0.06494899574349275,0.1714754831150055,0.07852451688499454,0.18505100425650728,0.06494899574349275,7
0.04093348564714046,0.1726901359567982,0.2852510708284539,0.0011253075676075422,0.04093348564714046,0.1726901359567982,0.2852510708284539,0.0011253075676075422,8
0.09144562155339983,0.17356758113524637,0.21921043134961082,0.006852841028404627,0.07522118244737755,0.15976561486397645,0.26649187760080073,0.007444850021184094,9
0.08342495799436632,0.16664437670620286,0.3686350591099313,0.010876481459288349,0.0833084715620119,0.16667263613155855,0.11700062428487931,0.003437392751761738,10
0.08992934948696191,0.1600706505130383,0.01942164162095009,0.23057835837905002,0.08992934948696191,0.1600706505130383,0.01942164162095009,0.23057835837905002,0
0.15093433502880252,0.1695214071674741,0.17025849126386244,0.009285766539861224,0.15093433502880252,0.1695214071674741,0.17025849126386244,0.009285766539861224,1
0.10120662502258243,0.13092019613804487,0.19076480325301112,0.008682119186360047,0.06546017897819492,0.2024129998611779,0.2949375056974003,0.005615571863228674,2
0.12829929521869282,0.07523199016955805,0.1291531143250551,0.010709562721015309,0.042985353156095335,0.22454651661470046,0.38548603946631,0.003588128328573419,3
0.09687331866489417,0.15312668133510585,0.20177129827484497,0.04822870172515513,0.09687331866489417,0.15312668133510585,0.20177129827484497,0.04822870172515513,4
0.06674292968753066,0.19335353648470666,0.21343003572357122,0.026473498104191494,0.06674292968753066,0.19335353648470666,0.21343003572357122,0.026473498104191494,5
0.03967203576391386,0.21032796423608624,0.11196409491914591,0.13803590508085423,0.03967203576391386,0.21032796423608624,0.11196409491914591,0.13803590508085423,6
0.16665031254398993,0.0833496874560101,0.1898140867458188,0.06018591325418131,0.16665031254398993,0.0833496874560101,0.1898140867458188,0.06018591325418131,7
0.0552068163812202,0.1710346509834395,0.27097774009437425,0.0027807925409663314,0.0552068163812202,0.1710346509834395,0.27097774009437425,0.0027807925409663314,8
0.13053062782016686,0.23829480772633801,0.10530845847070736,0.004076490219653164,0.03613617618061052,0.09503838827288481,0.3803938504797041,0.010221200829935558,9
0.16246914754770894,0.14074479358912168,0.184323661026216,0.03367729811492876,0.08762451838047926,0.1582509497059573,0.21795178599678447,0.01495784563880383,10
0.16223588184611853,0.08776411815388153,0.010764559154852629,0.23923544084514747,0.16223588184611853,0.08776411815388153,0.010764559154852629,0.23923544084514747,0
0.11469673182840928,0.1793663292172486,0.19745166181728374,0.008485277137058558,0.11469673182840928,0.1793663292172486,0.19745166181728374,0.008485277137058558,1
0.1280446492291286,0.07724421406886949,0.11255312575107956,0.010984447960149876,0.038622154771648896,0.25608898193035357,0.3731491831993322,0.0033132430894388496,2
0.11141287203070036,0.0390045417568151,0.13673940165392748,0.011324163934269806,0.029255068886478955,0.14854205389947284,0.5207483707230173,0.002973527115318915,3
0.0899399999821181,0.160060000017882,0.22677176512605401,0.023228234873946107,0.0899399999821181,0.160060000017882,0.22677176512605401,0.023228234873946107,4
0.11026651866933855,0.1698726679796663,0.16014725526896884,0.059713558082026524,0.11026651866933855,0.1698726679796663,0.16014725526896884,0.059713558082026524,5
0.010765915412695472,0.2392340845873046,0.15757801301669364,0.09242198698330643,0.010765915412695472,0.2392340845873046,0.15757801301669364,0.09242198698330643,6
0.12233116083492596,0.12766883916507413,0.22385094844399067,0.02614905155600939,0.12233116083492596,0.12766883916507413,0.22385094844399067,0.02614905155600939,7
0.02990402133020153,0.16871754718987944,0.2962805351453928,0.005097896334526297,0.02990402133020153,0.16871754718987944,0.2962805351453928,0.005097896334526297,8
0.12757170762076311,0.21283331364469332,0.11393137760248415,0.0051686123977309085,0.039095096380014224,0.1204998823545295,0.3717709313479272,0.009129078651857813,9
0.1854565627192158,0.13713387246079706,0.2895444817818713,0.041062304137477135,0.08875305929560656,0.15580562499158626,0.08861500915449527,0.013629085458951154,10
0.1283000324878401,0.12169996751216001,0.008957441987245431,0.24104255801275473,0.1283000324878401,0.12169996751216001,0.008957441987245431,0.24104255801275473,0
0.1882894460606034,0.20851999952722652,0.0915889818319576,0.01160157258021283,0.1882894460606034,0.20851999952722652,0.0915889818319576,0.01160157258021283,1
0.08953416114065454,0.1542650950474304,0.22478083117520148,0.007680784317236922,0.07713264286012285,0.17906810095179237,0.26092147777521,0.006616906732351798,2
0.07111634367242245,0.04963896534943714,0.19839212371065013,0.010299547235460565,0.027606395022721966,0.1278740565882829,0.5110744246068972,0.003998143814128165,3
0.06481078427188447,0.18518921572811572,0.1743777096596735,0.07562229034032666,0.06481078427188447,0.18518921572811572,0.1743777096596735,0.07562229034032666,4
0.09922141759368008,0.17478189499833457,0.203667883798637,0.022328803609348576,0.09922141759368008,0.17478189499833457,0.203667883798637,0.022328803609348576,5
0.015416304679823967,0.2345836953201761,0.14733615643570602,0.10266384356429398,0.015416304679823967,0.2345836953201761,0.14733615643570602,0.10266384356429398,6
0.17376995718054458,0.07623004281945547,0.18271554837353562,0.06728445162646451,0.17376995718054458,0.07623004281945547,0.18271554837353562,0.06728445162646451,7
0.052847708591601435,0.1718998057244214,0.273336847883993,0.0019156377999843851,0.052847708591601435,0.1718998057244214,0.273336847883993,0.0019156377999843851,8
0.10672682037812342,0.20647666757811328,0.17467778672852616,0.0054412685947805295,0.05993998362265393,0.12685652842110945,0.31102452222188526,0.00885642245480819,9
0.1613776617968762,0.14422546515737988,0.28688655746252745,0.03318365554285147,0.10620167977158383,0.15495572761966434,0.09790321392020097,0.015266038728915802,10
0.10811020660302673,0.1418897933969734,0.00605496447445614,0.243945035525544,0.10811020660302673,0.1418897933969734,0.00605496447445614,0.243945035525544,0
0.15292832646022372,0.20134580442695915,0.1354143916339105,0.01031147747890682,0.15292832646022372,0.20134580442695915,0.1354143916339105,0.01031147747890682,1
0.1255590923382161,0.08221532170636787,0.119796564108115,0.010771221788774587,0.04110771166256127,0.25111787429285504,0.36590574484229654,0.003526469260814137,2
0.06754864531814594,0.11636869870497439,0.29460824580605693,0.007431059937057404,0.062417963719802266,0.12593406587633885,0.31882468952509346,0.006866631112531329,3
0.10818155899021398,0.1418184410097861,0.21431135649067778,0.035688643509322306,0.10818155899021398,0.1418184410097861,0.21431135649067778,0.035688643509322306,4
0.06093808715419571,0.1969794921555559,0.2281542758256753,0.013928144864573432,0.06093808715419571,0.1969794921555559,0.2281542758256753,0.013928144864573432,5
0.04110137649802974,0.20889862350197036,0.11280178747936787,0.13719821252063225,0.04110137649802974,0.20889862350197036,0.11280178747936787,0.13719821252063225,6
0.17739033479473473,0.07260966520526525,0.18030069709592214,0.06969930290407789,0.17739033479473473,0.07260966520526525,0.18030069709592214,0.06969930290407789,7
0.04143141298988505,0.17270474392215635,0.28475314348570935,0.0011106996022494054,0.04143141298988505,0.17270474392215635,0.28475314348570935,0.0011106996022494054,8
0.12024128566491477,0.20880786440044655,0.1352937772169851,0.005341276357758983,0.04642551833586253,0.12452533159877618,0.35040853173342623,0.008956414691829735,9
0.21505425023266442,0.12334342224610864,0.19110850631599832,0.05282635143953932,0.1327900358607914,0.13831171894173663,0.11341632054173471,0.03314939442142695,10
0.11367538701367995,0.13632461298632012,0.0037469498590959804,0.24625305014090412,0.11367538701367995,0.13632461298632012,0.0037469498590959804,0.24625305014090412,0
0.17841531395987395,0.17885475790516517,0.132327583836177,0.010402344298784264,0.17841531395987395,0.17885475790516517,0.132327583836177,0.010402344298784264,1
0.13076526292281643,0.0718029934068832,0.104624682167436,0.011217838732180574,0.035901541077960966,0.26153020259233967,0.38107762678297563,0.0030798523174081533,2
0.11951880942979182,0.09277617342084636,0.16296536841810755,0.009789878396149154,0.055033206713126545,0.2014874010252181,0.3539213499433216,0.004507812653439573,3
0.10306415668887622,0.14693584331112403,0.23426054357677778,0.01573945642322247,0.10306415668887622,0.14693584331112403,0.23426054357677778,0.01573945642322247,4
0.015113746420491262,0.23560343133864886,0.2393851384066128,0.009897683834247188,0.015113746420491262,0.23560343133864886,0.2393851384066128,0.009897683834247188,5
0.028833483801951023,0.22116651619804906,0.1291534509192966,0.12084654908070352,0.028833483801951023,0.22116651619804906,0.1291534509192966,0.12084654908070352,6
0.16501065434214202,0.08498934565785808,0.1898889680299947,0.06011103197000547,0.16501065434214202,0.08498934565785808,0.1898889680299947,0.06011103197000547,7
0.077504789751136,0.16802876354556692,0.24867976672445846,0.005786679978838893,0.077504789751136,0.16802876354556692,0.24867976672445846,0.005786679978838893,8
0.10089820850104322,0.2340790244887771,0.19166359421218349,0.004257318192942752,0.06576859549973414,0.09925417151044569,0.29403871473822796,0.010040372856645972,9
0.08607777559694171,0.16599203019154757,0.28877877146096187,0.00925617795285388,0.08508969368428504,0.16622964316994598,0.19242287220900034,0.006153035734464162,10
0.12999203097974568,0.12000796902025447,0.0161512784893341,0.2338487215106661,0.12999203097974568,0.12000796902025447,0.0161512784893341,0.2338487215106661,0
0.1910850635251445,0.20145454328221374,0.09598832472290339,0.0114720684697385,0.1910850635251445,0.20145454328221374,0.09598832472290339,0.0114720684697385,1
0.13249475371259273,0.06834401610265244,0.09958458030108648,0.0113662049598381,0.034172050288184645,0.26498917989657045,0.38611772864932503,0.0029314860897506263,2
0.0538298880844924,0.0507571924157889,0.3547023769952135,0.0077583410542135176,0.04537213251345747,0.06021876944872649,0.42082194949273266,0.006539349995375205,3
0.1174941436992038,0.13250585630079628,0.22823062848962067,0.021769371510379366,0.1174941436992038,0.13250585630079628,0.22823062848962067,0.021769371510379366,4
0.10719353422486859,0.1723150987556699,0.17953064802078608,0.04096071899867545,0.10719353422486859,0.1723150987556699,0.17953064802078608,0.04096071899867545,5
0.04929087517257717,0.20070912482742287,0.10298665688852865,0.14701334311147138,0.04929087517257717,0.20070912482742287,0.10298665688852865,0.14701334311147138,6
0.16366737829141415,0.08633262170858587,0.1929231324408743,0.057076867559125784,0.16366737829141415,0.08633262170858587,0.1929231324408743,0.057076867559125784,7
0.013084660559429338,0.16995693873921075,0.31309989591616505,0.0038585047851949664,0.013084660559429338,0.16995693873921075,0.31309989591616505,0.0038585047851949664,8
0.08615555098392208,0.22428614459466029,0.23462681558707416,0.004677365079638487,0.08051125301685534,0.10904705140456261,0.25107549336333745,0.009620325969950239,9
0.09471941482767632,0.1637505572048992,0.2736008606827139,0.011305241742592093,0.08896977376010959,0.16511349868309844,0.195079063680689,0.007461589418221832,10
0.13915228705789776,0.11084771294210247,0.008877466959399623,0.2411225330406005,0.13915228705789776,0.11084771294210247,0.008877466959399623,0.2411225330406005,0
0.15007373023845777,0.16895025887799467,0.17173366938115397,0.009242341502393885,0.15007373023845777,0.16895025887799467,0.17173366938115397,0.009242341502393885,1
0.11449666386279966,0.10434015131074528,0.15203481986229314,0.009822219463158866,0.052170140137977696,0.22899304468847748,0.33366748908811833,0.004475471586429856,2
0.0560930286133019,0.06272351577757662,0.3318561859973713,0.00791888367944712,0.045183972743627336,0.07786725583430953,0.4119783499842247,0.006378807370141604,3
0.055970329377336245,0.19402967062266396,0.20279251554843147,0.04720748445156875,0.055970329377336245,0.19402967062266396,0.20279251554843147,0.04720748445156875,4
0.09841658610916089,0.1775486021736543,0.1727050231945318,0.05132978852265317,0.09841658610916089,0.1775486021736543,0.1727050231945318,0.05132978852265317,5
0.05320394078698597,0.19679605921301405,0.09502459277571167,0.1549754072242884,0.05320394078698597,0.19679605921301405,0.09502459277571167,0.1549754072242884,6
0.1360115230139244,0.11398847698607562,0.21448246717984296,0.0355175328201571,0.1360115230139244,0.11398847698607562,0.21448246717984296,0.0355175328201571,7
0.0448619788020056,0.16879614067735077,0.2813225776735888,0.005019302847054962,0.0448619788020056,0.16879614067735077,0.2813225776735888,0.005019302847054962,8
0.1298990054665573,0.20249677066619853,0.1071491395671745,0.005611978674480792,0.03676779853422001,0.13083642533302428,0.37855316938323674,0.008685712375107929,9
0.17617683320328784,0.13975580149849928,0.29190078044133505,0.03823656903675069,0.10031622188703024,0.15404569201913085,0.08397527741953557,0.015592824494430628,10
0.10832746414662243,0.14167253585337772,0.0014481513513767553,0.24855184864862342,0.10832746414662243,0.14167253585337772,0.0014481513513767553,0.24855184864862342,0
0.1374404903423368,0.17764424995940484,0.17579239552039977,0.009122864177858968,0.1374404903423368,0.17764424995940484,0.17579239552039977,0.009122864177858968,1
0.08863863377527684,0.1560561475644314,0.22739058727930353,0.007603960538960341,0.07802817022550051,0.1772770484347913,0.2583117216711079,0.006693730510628377,2
0.11529490249940626,0.0746468729531301,0.14056116804343333,0.010590719913124687,0.04035560181485677,0.21326417032512904,0.4015795933144562,0.0037069711364640353,3
0.12369962852148467,0.1263003714785155,0.21224762281574738,0.03775237718425278,0.12369962852148467,0.1263003714785155,0.21224762281574738,0.03775237718425278,4
0.01895981379080447,0.23242133667372844,0.2375501338173613,0.011068715718106026,0.01895981379080447,0.23242133667372844,0.2375501338173613,0.011068715718106026,5
0.00870937189737427,0.24129062810262578,0.16248608687133828,0.08751391312866177,0.00870937189737427,0.24129062810262578,0.16248608687133828,0.08751391312866177,6
0.16543533495368468,0.08456466504631531,0.18855567336603704,0.06144432663396298,0.16543533495368468,0.08456466504631531,0.18855567336603704,0.06144432663396298,7
0.08171555873113484,0.16705487191253285,0.24446899774445957,0.006760571611872901,0.08171555873113484,0.16705487191253285,0.24446899774445957,0.006760571611872901,8
0.10356289852121899,0.26805929589115607,0.18389812403834818,0.002799799325564416,0.06310390547955835,0.06527390010806683,0.30180418491206334,0.011497891724024309,9
0.12447859244161934,0.15414029732499943,0.20561208128678754,0.019790131153471807,0.10843974096434314,0.15798683138408354,0.2138386982584386,0.01571362718625666,10
0.07902141201755053,0.1709785879824495,0.02025022744527091,0.2297497725547292,0.07902141201755053,0.1709785879824495,0.02025022744527091,0.2297497725547292,0
0.15680649850809697,0.1642425821055618,0.16964715690614063,0.009303762480200886,0.15680649850809697,0.1642425821055618,0.16964715690614063,0.009303762480200886,1
0.08814666275174086,0.15704008839534522,0.2288242948703307,0.007561756275537643,0.07852014124903653,0.17629310760387762,0.2568780140800808,0.006735934774051077,2
0.056830453454383534,0.057983866847697664,0.32049121726584884,0.008193803429325594,0.042335248128194704,0.07783701741903018,0.43022450583525695,0.0061038876202631305,3
0.07154980959810008,0.17845019040190005,0.20181527728248355,0.04818472271751653,0.07154980959810008,0.17845019040190005,0.20181527728248355,0.04818472271751653,4
0.024377309042033217,0.227500320193495,0.2381024310677037,0.0100199396967682,0.024377309042033217,0.227500320193495,0.2381024310677037,0.0100199396967682,5
0.027688762171040108,0.22231123782896006,0.12682676832277923,0.12317323167722086,0.027688762171040108,0.22231123782896006,0.12682676832277923,0.12317323167722086,6
0.1205197829191562,0.12948021708084384,0.22448381091423888,0.02551618908576119,0.1205197829191562,0.12948021708084384,0.22448381091423888,0.02551618908576119,7
0.0110361028144138,0.16839449245284357,0.31514845366118066,0.005420951071562199,0.0110361028144138,0.16839449245284357,0.31514845366118066,0.005420951071562199,8
0.09411608878393962,0.2020443957621466,0.21142812516316972,0.0056313824323253455,0.07255071521683772,0.13128880023707606,0.27427418378724167,0.00866630861726337,9
0.1616608986782949,0.1440295551908484,0.2789238080061408,0.03315350255644873,0.0909622059179125,0.15866317195929475,0.12082220034884047,0.011784657342219694,10
0.11572674707502233,0.1342732529249777,0.03268446611845066,0.2173155338815494,0.11572674707502233,0.1342732529249777,0.03268446611845066,0.2173155338815494,0
0.09434249661173234,0.16733218599370062,0.2308223790190542,0.007502938375513113,0.09434249661173234,0.16733218599370062,0.2308223790190542,0.007502938375513113,1
0.09130492199327794,0.1507235777195256,0.2196204596190625,0.007832690941626252,0.07536188200749942,0.18260961827969724,0.266081849331349,0.006465000107962472,2
0.1092006801412937,0.12263300934460065,0.23461168563359178,0.007794145577433297,0.09111859431333316,0.1469689927629234,0.2811693467546693,0.006503545472155432,3
0.09279957438697438,0.15720042561302588,0.20898933900070732,0.04101066099929289,0.09279957438697438,0.15720042561302588,0.20898933900070732,0.04101066099929289,4
0.09580592984314482,0.180688892021928,0.17751640368806448,0.04598877444686279,0.09580592984314482,0.180688892021928,0.17751640368806448,0.04598877444686279,5
0.024052468612711507,0.22594753138728857,0.13112108254405536,0.11887891745594477,0.024052468612711507,0.22594753138728857,0.13112108254405536,0.11887891745594477,6
0.0911763711894716,0.15882362881052847,0.23985411865334738,0.010145881346652702,0.0911763711894716,0.15882362881052847,0.23985411865334738,0.010145881346652702,7
0.057132858803532124,0.1717351261301787,0.2690516976720622,0.0020803173942270593,0.057132858803532124,0.1717351261301787,0.2690516976720622,0.0020803173942270593,8
0.11444048268016532,0.24835557873675806,0.1521985437081341,0.003644952654975738,0.052226321320611974,0.08497761726246458,0.33350376524227715,0.010652738394612974,9
0.09850510394478729,0.16283514243280914,0.3560066608510501,0.014757888193836147,0.08182651444035566,0.16675993946417336,0.11603083371499556,0.0032779169579927867,10
0.12564549115406184,0.1243545088459382,0.011566588019035939,0.23843341198096407,0.12564549115406184,0.1243545088459382,0.011566588019035939,0.23843341198096407,0
0.1393580158423284,0.1718082812532286,0.17982968501749866,0.009004017886944661,0.1393580158423284,0.1718082812532286,0.17982968501749866,0.009004017886944661,1
