0.1572210699569186,0.09277893004308153,0.023045339006251758,0.2269546609937484,0.1572210699569186,0.09277893004308153,0.023045339006251758,0.2269546609937484,0
0.17503094664473387,0.15953238823760493,0.15572301562116542,0.009713649496496134,0.17503094664473387,0.15953238823760493,0.15572301562116542,0.009713649496496134,1
0.12063571232883676,0.09206206955447233,0.13414433451586036,0.010348864339036134,0.04603109167194062,0.24127112644475052,0.35155797443455117,0.003948826710552591,1
0.08820521477477675,0.04876525989588716,0.2656333263661357,0.008979582697272084,0.05223905221721803,0.08233974469480908,0.4485197110015855,0.005318108352316646,2
0.13981964272007266,0.11018035727992752,0.23665963239509433,0.013340367604905898,0.13981964272007266,0.11018035727992752,0.23665963239509433,0.013340367604905898,0
0.05523718662801287,0.2046126338667723,0.22369642976094056,0.01645374974427434,0.05523718662801287,0.2046126338667723,0.22369642976094056,0.01645374974427434,2
0.040217172319253786,0.20978282768074624,0.11102042255957503,0.138979577440425,0.040217172319253786,0.20978282768074624,0.11102042255957503,0.138979577440425,0
0.11811167944662536,0.13188832055337474,0.22337641538355912,0.026623584616441015,0.11811167944662536,0.13188832055337474,0.22337641538355912,0.026623584616441015,1
0.08070150748141917,0.16729460906029725,0.24548304899417522,0.006520834464108549,0.08070150748141917,0.16729460906029725,0.24548304899417522,0.006520834464108549,1
0.0907244442501254,0.2407043243776847,0.22131209450600853,0.003973138603092672,0.07594235975065193,0.09262887162153811,0.2643902144444029,0.01032455244649605,2
0.19693027569815186,0.12580733570314445,0.179761210050665,0.0494948878041946,0.12872485586363525,0.13894377524079612,0.1469527713387367,0.033384888300676305,2
0.10876685976329734,0.1412331402367027,0.020126045093478394,0.22987395490652165,0.10876685976329734,0.1412331402367027,0.020126045093478394,0.22987395490652165,0
0.1713104672128608,0.1700533637638293,0.14871626063912247,0.009919908384187867,0.1713104672128608,0.1700533637638293,0.14871626063912247,0.009919908384187867,1
0.10676758979267424,0.11979828034463272,0.17455897603373552,0.00915917253058839,0.05989921420810315,0.21353491565459023,0.31114333291667606,0.005138518519000336,1
0.11423290113026846,0.10779409024390979,0.18898876226855918,0.00902469673275785,0.06674456286919869,0.18448891001640344,0.3234530824220725,0.0052729943168308745,2
0.15859672716031464,0.09140327283968558,0.2257496935316056,0.024250306468394607,0.15859672716031464,0.09140327283968558,0.2257496935316056,0.024250306468394607,0
0.05500808593692713,0.1983290607590429,0.19703998031628708,0.049622872987743184,0.05500808593692713,0.1983290607590429,0.19703998031628708,0.049622872987743184,2
0.034363484182603266,0.21563651581739685,0.11502249060053549,0.13497750939946457,0.034363484182603266,0.21563651581739685,0.11502249060053549,0.13497750939946457,0
0.09674553843261413,0.15325446156738595,0.23734320764433642,0.012656792355663653,0.09674553843261413,0.15325446156738595,0.23734320764433642,0.012656792355663653,1
0.08152660086659569,0.16709667711231369,0.24465795560899886,0.006718766412092115,0.08152660086659569,0.16709667711231369,0.24465795560899886,0.006718766412092115,1
0.13150162893938683,0.20548619735473755,0.10247875588880392,0.0054837529240271046,0.03516517506139049,0.12784699864448526,0.3832235530616075,0.008813938125561615,2
0.16368520652496077,0.14367503512271979,0.3090163528142644,0.03445345118911435,0.08376644121128467,0.15962423771624296,0.0959011124006788,0.00987816302073432,2
0.09617238826480554,0.15382761173519457,0.006652501310230889,0.24334749868976915,0.09617238826480554,0.15382761173519457,0.006652501310230889,0.24334749868976915,0
0.12311978984378966,0.13417701280546437,0.2353330399720428,0.007370157378703279,0.12311978984378966,0.13417701280546437,0.2353330399720428,0.007370157378703279,1
0.14011337242316513,0.05310679751482425,0.07738231440343028,0.012019776360582492,0.02655343157761226,0.2802263984843986,0.40831999454698137,0.0022779146890062347,1
0.10646722102079027,0.03309552028043742,0.1060408783314279,0.011980872109048702,0.0205882570118857,0.17114552584326076,0.5483649064626097,0.0023168189405400217,2
0.10571729772240954,0.14428270227759063,0.20405116596712125,0.045948834032878916,0.10571729772240954,0.14428270227759063,0.20405116596712125,0.045948834032878916,0
0.021286758523115273,0.23069301805359402,0.2344746967369215,0.01354552668636929,0.021286758523115273,0.23069301805359402,0.2344746967369215,0.01354552668636929,2
0.009273517537502414,0.24072648246249773,0.1609909678087594,0.08900903219124072,0.009273517537502414,0.24072648246249773,0.1609909678087594,0.08900903219124072,0
0.12570607347467558,0.1242939265253245,0.22103277650977027,0.02896722349022982,0.12570607347467558,0.1242939265253245,0.22103277650977027,0.02896722349022982,1
0.02275061607824411,0.1729639946550563,0.3034339403973503,0.0008514488693494387,0.02275061607824411,0.1729639946550563,0.3034339403973503,0.0008514488693494387,1
0.09561945515228926,0.22255364808471229,0.20704699767540444,0.004751677209786438,0.07104734884848811,0.11077954791451057,0.2786553112750071,0.009546013839802286,2
0.12403915857252047,0.15545912857662544,0.34517780331924386,0.022566781122296098,0.09059845985825613,0.1623086058394384,0.09255369120116813,0.007296371510451573,2
0.1167082756206824,0.13329172437931772,0.014924653431715862,0.23507534656828422,0.1167082756206824,0.13329172437931772,0.014924653431715862,0.23507534656828422,0
0.18638272338930345,0.1647867721476979,0.1386131905017434,0.010217313961255697,0.18638272338930345,0.1647867721476979,0.1386131905017434,0.010217313961255697,1
0.09884257288837572,0.13564829456249322,0.19765415105653655,0.008479316431230415,0.06782423111240166,0.19768490143672965,0.28804815789387495,0.005818374618358312,1
0.10598094475652897,0.030670205685577233,0.13999703043100908,0.011437769107240292,0.026499680710301128,0.12266024673916176,0.5598942006278339,0.0028599219423484285,2
0.08280379514447594,0.16719620485552417,0.1781224002834603,0.07187759971653981,0.08280379514447594,0.16719620485552417,0.1781224002834603,0.07187759971653981,0
0.016470897629587325,0.23440878944277524,0.2365717683763695,0.012548544551268238,0.016470897629587325,0.23440878944277524,0.2365717683763695,0.012548544551268238,2
0.018695875857379925,0.23130412414262014,0.14194179450822128,0.1080582054917788,0.018695875857379925,0.23130412414262014,0.14194179450822128,0.1080582054917788,0
0.1473901344805994,0.10260986551940074,0.20241216294616443,0.04758783705383575,0.1473901344805994,0.10260986551940074,0.20241216294616443,0.04758783705383575,1
0.0818905429189339,0.1670128615724815,0.24429401355666047,0.006802581951924267,0.0818905429189339,0.1670128615724815,0.24429401355666047,0.006802581951924267,1
0.12465796050455147,0.20706253627580445,0.12242265281788335,0.005416138875521393,0.04200884349622587,0.12627065972341844,0.36327965613252805,0.008881552174067331,2
0.16894565969972458,0.13842397762325728,0.18564087819733133,0.03622753924911697,0.07132673784742569,0.16108938196080308,0.22645583720670698,0.011889988215634115,2
0.08775487385565439,0.1622451261443457,0.01325696993590634,0.23674303006409375,0.08775487385565439,0.1622451261443457,0.01325696993590634,0.23674303006409375,0
0.18349003583804227,0.22101238474656623,0.08366267908322354,0.011834900332168139,0.18349003583804227,0.22101238474656623,0.08366267908322354,0.011834900332168139,1
0.08617917256911935,0.16097506389692895,0.2345579772929687,0.0073929730139705154,0.08048763143165799,0.17235813210229395,0.25114433165744277,0.00690471803561821,1
0.10898042540558886,0.05619426904844968,0.11684231368325143,0.011383018370291641,0.02790492452659603,0.2194621720054946,0.4563182042810308,0.0029146726792970883,2
0.08714908232957252,0.1628509176704276,0.22517404204756647,0.02482595795243367,0.08714908232957252,0.1628509176704276,0.22517404204756647,0.02482595795243367,0
0.05374645839420899,0.20560817241393545,0.20825159569759927,0.03239377349425637,0.05374645839420899,0.20560817241393545,0.20825159569759927,0.03239377349425637,2
0.06364508621439142,0.18635491378560876,0.08902807299648006,0.16097192700352014,0.06364508621439142,0.18635491378560876,0.08902807299648006,0.16097192700352014,0
0.1535021753217067,0.09649782467829338,0.20143946262402684,0.048560537375973246,0.1535021753217067,0.09649782467829338,0.20143946262402684,0.048560537375973246,1
0.06582660554320682,0.17010878524231002,0.2603579509323875,0.0037066582820957624,0.06582660554320682,0.17010878524231002,0.2603579509323875,0.0037066582820957624,1
0.12696163046211556,0.25843108331443126,0.11570927144504957,0.003212783122060028,0.039705173538661806,0.0749021126847916,0.36999303750536217,0.011084907927528692,2
0.15898579605508986,0.14258149685541263,0.19715738194609567,0.03211584306304175,0.13939517670362536,0.1465060086278461,0.15683075824637793,0.026427538502511054,2
0.04637415326567575,0.20362584673432438,0.034813089268978414,0.2151869107310217,0.04637415326567575,0.20362584673432438,0.034813089268978414,0.2151869107310217,0
0.1816524313309242,0.19267799832349317,0.1147497857935525,0.010919784552030357,0.1816524313309242,0.19267799832349317,0.1147497857935525,0.010919784552030357,1
0.09621895962267259,0.140895514608296,0.205299914882061,0.008254246945248967,0.07044784437810472,0.19243768139092682,0.28040239406835044,0.006043444104339755,1
0.03857112312957866,0.04081013627251323,0.2530033716309439,0.009777230668572617,0.01783319222681376,0.0882675839009466,0.547216901789616,0.0045204603810161115,2
0.07071236590001673,0.17928763409998344,0.22125406704474077,0.02874593295525938,0.07071236590001673,0.17928763409998344,0.22125406704474077,0.02874593295525938,0
0.0626296341909188,0.19840236415217677,0.1962352627511015,0.04273273890580295,0.0626296341909188,0.19840236415217677,0.1962352627511015,0.04273273890580295,2
0.04492201107003398,0.20507798892996615,0.10127196205986205,0.14872803794013809,0.04492201107003398,0.20507798892996615,0.10127196205986205,0.14872803794013809,0
0.0845063731621584,0.16549362683784163,0.24242761950185068,0.007572380498149385,0.0845063731621584,0.16549362683784163,0.24242761950185068,0.007572380498149385,1
0.03393850248605719,0.16990233304954666,0.2922460539895372,0.0039131104748591685,0.03393850248605719,0.16990233304954666,0.2922460539895372,0.0039131104748591685,1
0.1141483638870608,0.15636519650816752,0.1530498396404546,0.007590704474548589,0.05251844011371655,0.17696799949105527,0.33265246930995696,0.006706986575040132,2
0.1596753720995312,0.1453567571642116,0.3159509616887773,0.03285782616773579,0.11173779240667406,0.15416156139358542,0.06500498675620618,0.01525474232327877,2
0.12343386100773157,0.12656613899226848,0.002683771060504508,0.24731622893949556,0.12343386100773157,0.12656613899226848,0.002683771060504508,0.24731622893949556,0
0.11536466749374072,0.17268111030918387,0.2036514491202141,0.008302773076861657,0.11536466749374072,0.17268111030918387,0.2036514491202141,0.008302773076861657,1
0.10535032811490155,0.12263280019669015,0.1786891762461179,0.009037591213140666,0.06131647588587578,0.21070039580253258,0.3070131327042934,0.005260099836448051,1
0.09619014799667241,0.04456168178821918,0.1662111950519379,0.010786182676637139,0.03131529663570247,0.13687862567785875,0.5105453618000212,0.003511508372951583,2
0.09187636264920862,0.15812363735079152,0.22401480107469868,0.025985198925301402,0.09187636264920862,0.15812363735079152,0.22401480107469868,0.025985198925301402,0
0.13140267024734917,0.15465490909583327,0.15994436262511869,0.053998058031698985,0.13140267024734917,0.15465490909583327,0.15994436262511869,0.053998058031698985,2
0.045060248052130644,0.20493975194786948,0.10314600455835998,0.14685399544164018,0.045060248052130644,0.20493975194786948,0.10314600455835998,0.14685399544164018,0
0.1373970323745502,0.11260296762544987,0.2088743872644796,0.04112561273552047,0.1373970323745502,0.11260296762544987,0.2088743872644796,0.04112561273552047,1
0.05370560160272383,0.17044890142503893,0.27247895487287055,0.003366542099366903,0.05370560160272383,0.17044890142503893,0.27247895487287055,0.003366542099366903,1
0.13526386457201012,0.22752616028783673,0.09151480572166619,0.004538390792250184,0.031402939428767214,0.10580703571138607,0.39418750322874535,0.009759300257338538,2
0.16859447587150386,0.1411652849128277,0.2914235329903014,0.03658983383867949,0.09571974503989003,0.15469411881478226,0.09663135904949341,0.015181649482522121,2
0.11087359156962515,0.13912640843037488,0.023168328684655466,0.22683167131534457,0.11087359156962515,0.13912640843037488,0.023168328684655466,0.22683167131534457,0
0.1684675492620133,0.15964902372775305,0.16236530765135238,0.009518119358881628,0.1684675492620133,0.15964902372775305,0.16236530765135238,0.009518119358881628,1
0.11079807991771407,0.11173731005797284,0.1628132755526454,0.009504932461198021,0.055868724083063315,0.22159588594125007,0.32288903339776615,0.004792758588390705,1
0.11120342879719367,0.07431834515803279,0.15350505096881079,0.010385469419929948,0.0418904954452733,0.1972871105070465,0.4074978780740547,0.003912221629658778,2
0.11719158753898544,0.13280841246101482,0.19044827286521626,0.05955172713478399,0.11719158753898544,0.13280841246101482,0.19044827286521626,0.05955172713478399,0
0.12025177428189757,0.15494648569223177,0.1816855662639372,0.04311617376193358,0.12025177428189757,0.15494648569223177,0.1816855662639372,0.04311617376193358,2
0.0138156580953795,0.2361843419046206,0.15113925794747937,0.09886074205252071,0.0138156580953795,0.2361843419046206,0.15113925794747937,0.09886074205252071,0
0.11426777310610675,0.13573222689389336,0.22596713066572877,0.024032869334271307,0.11426777310610675,0.13573222689389336,0.22596713066572877,0.024032869334271307,1
0.06891555546456786,0.169794614864793,0.2572690010110267,0.0040208286596128155,0.06891555546456786,0.169794614864793,0.2572690010110267,0.0040208286596128155,1
0.09518382414697232,0.23978210617643403,0.20831651854011018,0.004012695392155527,0.07148297985380501,0.09355108982278869,0.27738579041030126,0.010284995657433193,2
0.0955430197187333,0.16355922974765447,0.30219977557139943,0.012362684287121884,0.07836218618977492,0.16767234332948827,0.17626413147128106,0.0040366296845468375,2
0.12729113998061015,0.12270886001938988,0.02526360328515702,0.22473639671484297,0.12729113998061015,0.12270886001938988,0.02526360328515702,0.22473639671484297,0
0.15519635975843638,0.15047348903037142,0.18549284047300224,0.008837310738190192,0.15519635975843638,0.15047348903037142,0.18549284047300224,0.008837310738190192,1
0.12596098681564158,0.08141153374500482,0.11862535861935386,0.010805698738802013,0.040705817185135745,0.2519216622542179,0.3670769503310575,0.003491992310786712,1
0.08474477622455787,0.081356690046638,0.23158278422490236,0.009044528598348247,0.049220705265161646,0.14007427271167133,0.39872308047748084,0.005253162451240484,2
0.04204453598823774,0.2079554640117624,0.19611688051276116,0.053883119487239,0.04204453598823774,0.2079554640117624,0.19611688051276116,0.053883119487239,0
0.061808296124026746,0.19936972279566284,0.20036880250732947,0.03845317857298102,0.061808296124026746,0.19936972279566284,0.20036880250732947,0.03845317857298102,2
0.027232974146688523,0.22276702585331154,0.12728484435391393,0.12271515564608612,0.027232974146688523,0.22276702585331154,0.12728484435391393,0.12271515564608612,0
0.15778210059218495,0.09221789940781516,0.19695033737637702,0.05304966262362309,0.15778210059218495,0.09221789940781516,0.19695033737637702,0.05304966262362309,1
0.04430945836613493,0.17139204987378995,0.28187509810945943,0.002423393650615808,0.04430945836613493,0.17139204987378995,0.28187509810945943,0.002423393650615808,1
0.14082412061311136,0.2668488894521498,0.07531104388853149,0.002851717398882819,0.025842683387666,0.06648430654707313,0.41039126506187995,0.01144597365070591,2
0.10658443460391799,0.16026874121621817,0.22034540295062857,0.013568641258066158,0.10213334365388242,0.16134621163575041,0.22330593174275987,0.012447292938776795,2
0.16506320003896768,0.0849367999610324,0.01094564696785194,0.23905435303214814,0.16506320003896768,0.0849367999610324,0.01094564696785194,0.23905435303214814,0
0.14364839883493558,0.18744519571888202,0.15929799309280235,0.0096084123533803,0.14364839883493558,0.18744519571888202,0.15929799309280235,0.0096084123533803,1
0.13984521145574536,0.05364311878676674,0.07816379216576601,0.01199677188355593,0.026821592545032077,0.2796900772124562,0.40753851678464553,0.0023009191660327993,1
0.06772238220457794,0.06260840700794007,0.2609336023884837,0.00903199118933078,0.03948251620663984,0.10738906422327882,0.4475663369194918,0.005265699860257941,2
0.14298907756747542,0.10701092243252475,0.2210379160386549,0.028962083961345267,0.14298907756747542,0.10701092243252475,0.2210379160386549,0.028962083961345267,0
0.08086040891815524,0.1861588476378342,0.18233819949708613,0.05064254394692487,0.08086040891815524,0.1861588476378342,0.18233819949708613,0.05064254394692487,2
0.059120928692565994,0.19087907130743403,0.08407935822358614,0.16592064177641389,0.059120928692565994,0.19087907130743403,0.08407935822358614,0.16592064177641389,0
0.16380470420721252,0.08619529579278756,0.1904745084268214,0.0595254915731787,0.16380470420721252,0.08619529579278756,0.1904745084268214,0.0595254915731787,1
0.016499123580176613,0.1703742897542873,0.3096854328954179,0.003441153770118433,0.016499123580176613,0.1703742897542873,0.3096854328954179,0.003441153770118433,1
0.1348874664563943,0.18823785122658157,0.09261170942084773,0.006223587801011027,0.0317793375443831,0.14509534477264113,0.39309059952956377,0.008074103248577689,2
0.1136323547751876,0.1586069756167558,0.3415562926128202,0.019005980503347862,0.08211471462067893,0.16567467311122838,0.11506575094250196,0.004343257817479487,2
0.14088948256076464,0.10911051743923546,0.006210213622522255,0.2437897863774778,0.14088948256076464,0.10911051743923546,0.006210213622522255,0.2437897863774778,0
0.1903214450180088,0.21139283292907116,0.0865353860218213,0.011750336031098955,0.1903214450180088,0.21139283292907116,0.0865353860218213,0.011750336031098955,1
0.13418874787756938,0.06495603196027297,0.09464792310524893,0.011511526071356661,0.03247805612320799,0.26837716403894984,0.3910543858451626,0.00278616497823205,1
0.04954099600478261,0.029294937652874855,0.16837419942773132,0.01123455708466098,0.013507493564280364,0.10744409259311383,0.6175405897076285,0.0030631339649277362,2
0.048854917460541616,0.20114508253945854,0.19503981593881914,0.05496018406118105,0.048854917460541616,0.20114508253945854,0.19503981593881914,0.05496018406118105,0
0.09468938480042158,0.18046192360666566,0.19666569600704004,0.028182995585873106,0.09468938480042158,0.18046192360666566,0.19666569600704004,0.028182995585873106,2
0.04987585090739858,0.20012414909260157,0.1059922574684022,0.14400774253159787,0.04987585090739858,0.20012414909260157,0.1059922574684022,0.14400774253159787,0
0.14152595280429692,0.10847404719570317,0.2066778418114319,0.0433221581885682,0.14152595280429692,0.10847404719570317,0.2066778418114319,0.0433221581885682,1
0.04963125163518539,0.17270010530565835,0.27655330484040896,0.0011153382187474071,0.04963125163518539,0.17270010530565835,0.27655330484040896,0.0011153382187474071,1
0.11795911085443006,0.17927205708035465,0.1419445171860298,0.0066081584236059145,0.04870769314634728,0.1540611389188681,0.34375779176438165,0.0076895326259828044,2
0.20762615441598017,0.12367083055826943,0.16610948559027444,0.05154438127867281,0.13727162717211797,0.13766245699530508,0.14136184577281624,0.034753218216564255,2
0.13638503766538684,0.11361496233461318,0.03023290379646818,0.21976709620353185,0.13638503766538684,0.11361496233461318,0.03023290379646818,0.21976709620353185,0
0.1376752802427701,0.16245081497198954,0.19120473596345708,0.008669168821783535,0.1376752802427701,0.16245081497198954,0.19120473596345708,0.008669168821783535,1
0.09546110892350174,0.14241121413322172,0.20750845206877785,0.008189233907869256,0.07120569507727557,0.19092198186600107,0.27819385688163356,0.006108457141719469,1
0.10946577967467426,0.10010720798393462,0.1790198946644052,0.009429080385617546,0.05652155252350558,0.19387849561384485,0.34670937849004724,0.004868610663971177,2
0.0571233314230388,0.19287666857696134,0.18932103274090514,0.06067896725909503,0.0571233314230388,0.19287666857696134,0.18932103274090514,0.06067896725909503,0
0.07104331540839134,0.18997717038389228,0.22533960857226848,0.013639905635448162,0.07104331540839134,0.18997717038389228,0.22533960857226848,0.013639905635448162,2
0.015838698923880748,0.23416130107611943,0.14654711556746924,0.10345288443253087,0.015838698923880748,0.23416130107611943,0.14654711556746924,0.10345288443253087,0
0.13314877082417514,0.11685122917582494,0.21119355333195486,0.038806446668045266,0.13314877082417514,0.11685122917582494,0.21119355333195486,0.038806446668045266,1
0.0509718343447167,0.1725774308957579,0.27521272213087766,0.001238012628647855,0.0509718343447167,0.1725774308957579,0.27521272213087766,0.001238012628647855,1
0.11453890092932856,0.2170688822560198,0.15191173211929973,0.004986935768607473,0.052127903071448795,0.11626431374320308,0.3337905768311118,0.009310755280981249,2
0.2051469771021877,0.12845198504060848,0.22201250200369937,0.0483358722873138,0.11711316542454242,0.1447159709088967,0.10809646842075915,0.026127058811992572,2
0.09480732051209668,0.1551926794879035,0.019289568290167813,0.2307104317098324,0.09480732051209668,0.1551926794879035,0.019289568290167813,0.2307104317098324,0
0.15890259163725096,0.14769558886551437,0.18453635247984496,0.008865467017390013,0.15890259163725096,0.14769558886551437,0.18453635247984496,0.008865467017390013,1
0.11780770187929801,0.09771808346267416,0.14238575495535255,0.010106260420787808,0.04885910212147934,0.23561511253654865,0.3433165539950589,0.00419143062880091,1
0.08210113052782367,0.038982580073395584,0.15204493436322458,0.01119704661352266,0.022735139215942144,0.1407738859444922,0.5490646388255336,0.003100644436066075,2
0.13771775925632665,0.11228224074367354,0.22472672711242805,0.02527327288757216,0.13771775925632665,0.11228224074367354,0.22472672711242805,0.02527327288757216,0
0.08736412779876535,0.17948663109969543,0.1757470379576571,0.05740220314388224,0.08736412779876535,0.17948663109969543,0.1757470379576571,0.05740220314388224,2
0.036301980066759394,0.21369801993324072,0.11326276688864881,0.13673723311135136,0.036301980066759394,0.21369801993324072,0.11326276688864881,0.13673723311135136,0
0.17281427156576962,0.07718572843423051,0.18477349298650805,0.06522650701349209,0.17281427156576962,0.07718572843423051,0.18477349298650805,0.06522650701349209,1
0.07678401371525082,0.16814385157282397,0.24940054276034357,0.005671591951581808,0.07678401371525082,0.16814385157282397,0.24940054276034357,0.005671591951581808,1
0.11707940879986858,0.19027040593909184,0.14450815498811392,0.006136405247129043,0.04958739520090876,0.14306279006013095,0.3411941539622976,0.00816128580245968,2
0.11510298128006402,0.15756233594150226,0.2283743896108478,0.01676215873076077,0.10786364521769369,0.1592057752462976,0.20102809684258344,0.014100617130251038,2
0.13940344850406838,0.11059655149593178,0.011746563687010507,0.23825343631298956,0.13940344850406838,0.11059655149593178,0.011746563687010507,0.23825343631298956,0
0.1843788509484219,0.19794862427183732,0.10651019002249833,0.011162334757242699,0.1843788509484219,0.19794862427183732,0.10651019002249833,0.011162334757242699,1
0.11882590038360269,0.09568168897106372,0.13941850921331317,0.010193607674663475,0.04784090361717469,0.2376515070281591,0.3462837997370983,0.0041040833749252485,1
0.0751105764549457,0.09037041125124962,0.23903653150888562,0.008848721010447588,0.04625247877545157,0.1467548088937121,0.38817750206616686,0.005448970039141143,2
0.04627571076762064,0.20372428923237956,0.20426432163988856,0.04573567836011162,0.04627571076762064,0.20372428923237956,0.20426432163988856,0.04573567836011162,0
0.039069629785024096,0.21774125046807685,0.22446457179436768,0.018724547952531694,0.039069629785024096,0.21774125046807685,0.22446457179436768,0.018724547952531694,2
0.010623170169653098,0.239376829830347,0.15806042790535454,0.09193957209464557,0.010623170169653098,0.239376829830347,0.15806042790535454,0.09193957209464557,0
0.11034461928889419,0.1396553807111058,0.22888337079143892,0.021116629208561128,0.11034461928889419,0.1396553807111058,0.22888337079143892,0.021116629208561128,1
0.07734948179121773,0.16805854596283026,0.24883507468437677,0.0057568975615755295,0.07734948179121773,0.16805854596283026,0.24883507468437677,0.0057568975615755295,1
0.1294442472474936,0.17573490785726265,0.10847440117723328,0.006759877686478788,0.03722255675328372,0.15759828814196006,0.37722790777317805,0.007537813363109928,2
0.21544285771086202,0.12428421953042273,0.22037588709337824,0.05275854188872957,0.12977023937083385,0.1383001904122358,0.08678012877611434,0.03228793521742332,2
0.09968265129303318,0.15031734870696686,0.03584364719780905,0.21415635280219097,0.09968265129303318,0.15031734870696686,0.03584364719780905,0.21415635280219097,0
0.1829331112667362,0.21027890396348461,0.09529552216828215,0.011492462601497406,0.1829331112667362,0.21027890396348461,0.09529552216828215,0.011492462601497406,1
0.12195020118145677,0.08943309509866454,0.13031363604753118,0.010461629179134712,0.04471660281932064,0.24390010090055844,0.35538867290288045,0.003836061870454015,1
0.05118988134879797,0.0450896764079072,0.23155533828156633,0.00996174701413954,0.02228087707855161,0.10359265379181865,0.53199388204177,0.004335944035449176,2
0.10967404243271925,0.14032595756728086,0.23678294451756893,0.013217055482431163,0.10967404243271925,0.14032595756728086,0.23678294451756893,0.013217055482431163,0
0.06846272484546649,0.2007357529377018,0.20173117004980323,0.02907035216702881,0.06846272484546649,0.2007357529377018,0.20173117004980323,0.02907035216702881,2
0.03951093465260268,0.2104890653473974,0.10800513348173137,0.14199486651826876,0.03951093465260268,0.2104890653473974,0.10800513348173137,0.14199486651826876,0
0.12746255453834138,0.12253744546165868,0.22064626060302917,0.029353739396970908,0.12746255453834138,0.12253744546165868,0.22064626060302917,0.029353739396970908,1
0.018051630441024286,0.1676936090874468,0.3081329260345702,0.00612183443695894,0.018051630441024286,0.1676936090874468,0.3081329260345702,0.00612183443695894,1
0.10287729583971504,0.2440883715043361,0.18589611522456845,0.003827986362347275,0.06378950816106228,0.08924482449488659,0.2998061937258429,0.010469704687241439,2
0.09383006959105442,0.16400043273490345,0.28395070018298507,0.011333856188166357,0.08578520462154754,0.16592108215104245,0.18880313855560157,0.006375515974699197,2
0.08086501171876112,0.16913498828123907,0.035069259528132155,0.214930740471868,0.08086501171876112,0.16913498828123907,0.035069259528132155,0.214930740471868,0
0.13393348917553227,0.1599273099979946,0.19766005828727218,0.008479142539201366,0.13393348917553227,0.1599273099979946,0.19766005828727218,0.008479142539201366,1
0.12752934129314736,0.07827482866698442,0.1140548420396174,0.010940241714591677,0.03913746270763004,0.25505836733223863,0.3716474669107944,0.0033574493349970537,1
0.09456806627444041,0.04674953134121012,0.15162924938543174,0.011010695552083876,0.028231169101119592,0.15660041432712954,0.5079238785210807,0.003286995497504844,2
0.0959252046054212,0.1540747953945789,0.23077363607757806,0.019226363922422048,0.0959252046054212,0.1540747953945789,0.23077363607757806,0.019226363922422048,0
0.17500437031344185,0.13761857394184268,0.13298000715408265,0.05439704859063301,0.17500437031344185,0.13761857394184268,0.13298000715408265,0.05439704859063301,2
0.04155596146544144,0.2084440385345587,0.10633551271249134,0.14366448728750877,0.04155596146544144,0.2084440385345587,0.10633551271249134,0.14366448728750877,0
0.1237730859615957,0.12622691403840447,0.222668852747541,0.027331147252459123,0.1237730859615957,0.12622691403840447,0.222668852747541,0.027331147252459123,1
0.028194751027104233,0.1665652897682726,0.2979898054484902,0.00725015375613315,0.028194751027104233,0.1665652897682726,0.2979898054484902,0.00725015375613315,1
0.10278437063387962,0.2128782076375475,0.1861669189236287,0.005166686755618112,0.0638824333668977,0.12045498836167544,0.29953539002678276,0.009131004293970615,2
0.21023788379257397,0.1281209975746068,0.25170523630465536,0.049690790962431494,0.10900240539884141,0.14585588122651832,0.0814235874551181,0.023963217285254954,2
0.09758234206258626,0.15241765793741385,0.033008541954672524,0.21699145804532755,0.09758234206258626,0.15241765793741385,0.033008541954672524,0.21699145804532755,0
0.1482542398929144,0.17706750634831184,0.16524490142989248,0.009433352328881596,0.1482542398929144,0.17706750634831184,0.16524490142989248,0.009433352328881596,1
0.09358565516069918,0.1461621170226829,0.21297392090274392,0.008028346089571528,0.07308114884007821,0.18717107897654003,0.27272838804766775,0.0062693449600172025,1
0.09393685173150024,0.050846111795153345,0.16249613399648682,0.010754179421693327,0.030952275701017145,0.15431252005382098,0.49315841567243335,0.0035435116278954015,2
0.08848154662557195,0.1615184533744282,0.18026125957692882,0.0697387404230713,0.08848154662557195,0.1615184533744282,0.18026125957692882,0.0697387404230713,0
0.033998067441277355,0.21947934877265524,0.2350258557755109,0.011496728010556607,0.033998067441277355,0.21947934877265524,0.2350258557755109,0.011496728010556607,2
0.017913632653524865,0.2320863673464753,0.1424653199503497,0.1075346800496504,0.017913632653524865,0.2320863673464753,0.1424653199503497,0.1075346800496504,0
0.15038697795525263,0.09961302204474741,0.20360185305335576,0.04639814694664429,0.15038697795525263,0.09961302204474741,0.20360185305335576,0.04639814694664429,1
0.011538033626077188,0.16759144935779624,0.31464652284951716,0.006223994166609521,0.011538033626077188,0.16759144935779624,0.31464652284951716,0.006223994166609521,1
0.09744753945449439,0.14987351843007057,0.2017195734660045,0.007869152611931924,0.06921926454628294,0.18345967756915227,0.28398273548440695,0.006428538437656796,2
0.13922514731370644,0.1495683926725175,0.20886458494726803,0.024891876766846552,0.11872542449314744,0.1541754039614598,0.1855539561970672,0.018995213647987758,2
0.11562792119798594,0.13437207880201413,0.01253856280075122,0.2374614371992488,0.11562792119798594,0.13437207880201413,0.01253856280075122,0.2374614371992488,0
0.1466099720743164,0.17390400516765542,0.1701984899505916,0.009287532807436879,0.1466099720743164,0.17390400516765542,0.1701984899505916,0.009287532807436879,1
0.1318832565701742,0.06956700887586117,0.10136661227661922,0.011313747019743643,0.034783547430603134,0.26376618712336164,0.38433569667379225,0.002983944029845076,1
0.10030347371083492,0.09006689058685115,0.18629813977483028,0.009570325705284273,0.04954597995260893,0.1823361249658594,0.3771516999594268,0.004727365344304443,2
0.08853430962857442,0.16146569037142572,0.1933039427873965,0.05669605721260364,0.08853430962857442,0.16146569037142572,0.1933039427873965,0.05669605721260364,0
0.08050655226267166,0.19084626148137884,0.19884995770245642,0.02979722855349329,0.08050655226267166,0.19084626148137884,0.19884995770245642,0.02979722855349329,2
0.06853967714221398,0.18146032285778618,0.07374920044580122,0.17625079955419892,0.06853967714221398,0.18146032285778618,0.07374920044580122,0.17625079955419892,0
0.12993527940915595,0.12006472059084408,0.21791257863189947,0.032087421368100555,0.12993527940915595,0.12006472059084408,0.21791257863189947,0.032087421368100555,1
0.06927549116807839,0.16944795491917575,0.256909065307516,0.004367488605230018,0.06927549116807839,0.16944795491917575,0.256909065307516,0.004367488605230018,1
0.0937088527852785,0.24954502115466806,0.21261489697428881,0.003593933793318201,0.07295795121549882,0.08378817484455482,0.27308741197612263,0.010703757256270522,2
0.13424282202684804,0.15301268129892215,0.34656637371697474,0.025354470710643274,0.09373649833943737,0.16145070026318648,0.07782341886792883,0.007813034776059585,2
0.13132433155576512,0.11867566844423498,0.008211139344439745,0.24178886065556038,0.13132433155576512,0.11867566844423498,0.008211139344439745,0.24178886065556038,0
0.12818471559887465,0.1327129546941727,0.23162295809672462,0.007479371610228365,0.12818471559887465,0.1327129546941727,0.23162295809672462,0.007479371610228365,1
0.1301345016683463,0.07306451435657398,0.10646285383892941,0.011163728199513124,0.03653230233243103,0.2602686816426489,0.3792394551114821,0.003133962850075606,1
0.09095615686715908,0.050890308684354416,0.17676482337557564,0.010522133760164757,0.032636933620621124,0.14182664810114579,0.4926274383015564,0.0037755572894239806,2
0.11893678832528098,0.13106321167471913,0.22254036628831866,0.0274596337116814,0.11893678832528098,0.13106321167471913,0.22254036628831866,0.0274596337116814,0
0.06732005038896421,0.1969763913905494,0.20809189279337548,0.0276116654271112,0.06732005038896421,0.1969763913905494,0.20809189279337548,0.0276116654271112,2
0.018475507509195504,0.23152449249080453,0.1419110538735956,0.10808894612640449,0.018475507509195504,0.23152449249080453,0.1419110538735956,0.10808894612640449,0
0.0993188275093876,0.15068117249061247,0.2362898846124864,0.013710115387513652,0.0993188275093876,0.15068117249061247,0.2362898846124864,0.013710115387513652,1
0.04369465159556806,0.17053593749259185,0.2824899048800263,0.003279506031813914,0.04369465159556806,0.17053593749259185,0.2824899048800263,0.003279506031813914,1
0.11003633161142622,0.20084769950644324,0.1650331711906593,0.005682712433506168,0.05663047238935107,0.13248549649277952,0.32066913775975203,0.008614978616082552,2
0.10576588919941494,0.1609102683043237,0.35766275730675967,0.0169452498943812,0.08369100028445867,0.16598620410547854,0.10524946616055562,0.003789164744628065,2
0.14698641910751908,0.10301358089248101,0.031103352470121335,0.21889664752987878,0.14698641910751908,0.10301358089248101,0.031103352470121335,0.21889664752987878,0
0.20178547341331293,0.16817263182822548,0.11925472270374274,0.010787172054719029,0.20178547341331293,0.16817263182822548,0.11925472270374274,0.010787172054719029,1
0.09648744949833381,0.14035853552068384,0.2045174786115615,0.008277279638022805,0.07017935450244357,0.192974660478539,0.28118483033885006,0.0060204114115659235,1
0.07734501540425713,0.0682646610182178,0.2270646521935523,0.009435858100103849,0.039852077085251396,0.13248823258887216,0.4406876706602608,0.004861832949484869,2
0.12038558280865143,0.12961441719134875,0.2001185105707785,0.04988148942922169,0.12038558280865143,0.12961441719134875,0.2001185105707785,0.04988148942922169,0
0.05155845388778664,0.20718258406595014,0.2255025222548707,0.01575643979139268,0.05155845388778664,0.20718258406595014,0.2255025222548707,0.01575643979139268,2
0.029264381497008673,0.2207356185029914,0.1252889548917086,0.12471104510829153,0.029264381497008673,0.2207356185029914,0.1252889548917086,0.12471104510829153,0
0.15645457349735187,0.09354542650264827,0.19892114516737067,0.05107885483262944,0.15645457349735187,0.09354542650264827,0.19892114516737067,0.05107885483262944,1
0.015044958557807847,0.1655744354991635,0.3111395979177864,0.008241008025242236,0.015044958557807847,0.1655744354991635,0.3111395979177864,0.008241008025242236,1
0.12151936489891703,0.11587543711891447,0.13156918407620863,0.00932743540134496,0.045147439101860344,0.2174577588803084,0.3541331248742029,0.0049702556482437675,2
0.14249812052935848,0.1503823349870461,0.3384777344678571,0.02798972299572905,0.0823045579955644,0.16292358307519808,0.08908869995840922,0.006335245990838438,2
0.14243073852260774,0.1075692614773924,0.006193039578221692,0.24380696042177846,0.14243073852260774,0.1075692614773924,0.006193039578221692,0.24380696042177846,0
0.16105246106999666,0.20903743031410046,0.11911893949055856,0.010791169125344504,0.16105246106999666,0.20903743031410046,0.11911893949055856,0.010791169125344504,1
0.08633618166648675,0.16066104609032264,0.23410041958329328,0.007406442208268635,0.08033062233429067,0.1726721499089003,0.25160188936711847,0.006891248841320089,1
0.06013186702690023,0.1135761428138671,0.31781931332971214,0.007174216952467491,0.05970655752616136,0.11438518313703172,0.32008324511673897,0.007123474097121236,2
0.12358306885192946,0.12641693114807068,0.23788600542667834,0.01211399457332178,0.12358306885192946,0.12641693114807068,0.23788600542667834,0.01211399457332178,0
0.06936680352778851,0.19503103340490036,0.191456730437241,0.044145432630070355,0.06936680352778851,0.19503103340490036,0.191456730437241,0.044145432630070355,2
0.010329886087935418,0.23967011391206466,0.15842328334228756,0.09157671665771255,0.010329886087935418,0.23967011391206466,0.15842328334228756,0.09157671665771255,0
0.1650470950255241,0.084952904974476,0.18768752911899983,0.06231247088100021,0.1650470950255241,0.084952904974476,0.18768752911899983,0.06231247088100021,1
0.08309346418116662,0.1667247295686349,0.2430910922944278,0.00709071395577085,0.08309346418116662,0.1667247295686349,0.2430910922944278,0.00709071395577085,1
0.09382822723552894,0.19889125510364802,0.21226701458424765,0.005766630380961146,0.07283857676524841,0.13444194089557474,0.2734352943661639,0.008531060668627573,2
0.1685099093520733,0.1414601269166292,0.25759149444990004,0.035296583691329514,0.0881665576826132,0.1583186719726088,0.13810115146660248,0.012555504468244072,2
0.12410428892532373,0.1258957110746765,0.028720262991293606,0.22127973700870657,0.12410428892532373,0.1258957110746765,0.028720262991293606,0.22127973700870657,0
0.0966473959132206,0.1690530343879772,0.2266745304897126,0.007625039209089901,0.0966473959132206,0.1690530343879772,0.2266745304897126,0.007625039209089901,1
0.10262072279067405,0.1280920040975283,0.1866438233424555,0.008803429084412649,0.06404608121010331,0.2052411919016946,0.299058485607956,0.0054942619651760765,1
0.048750015879326786,0.07710499359174078,0.3264813983450861,0.007865347330776203,0.03986815143005934,0.09428251692499301,0.3992152327792058,0.006432343718812525,2
0.1088467388350718,0.1411532611649284,0.24165139168016347,0.00834860831983679,0.1088467388350718,0.1411532611649284,0.24165139168016347,0.00834860831983679,0
0.03343380622699684,0.22046120724155477,0.23419497381259255,0.011910012718856043,0.03343380622699684,0.22046120724155477,0.23419497381259255,0.011910012718856043,2
0.03584948919549166,0.2141505108045083,0.11433167113903847,0.13566832886096158,0.03584948919549166,0.2141505108045083,0.11433167113903847,0.13566832886096158,0
0.10326567955828041,0.1467343204417196,0.2340963014661867,0.015903698533813373,0.10326567955828041,0.1467343204417196,0.2340963014661867,0.015903698533813373,1
0.06275239703247107,0.1704760377810871,0.26343215944312326,0.003339405743318663,0.06275239703247107,0.1704760377810871,0.26343215944312326,0.003339405743318663,1
0.11857633301496678,0.28373283791842435,0.14014580129713206,0.0021275126639048645,0.048090470985810624,0.04960035808079855,0.3455565076532796,0.01217017838568386,2
0.13372544254374055,0.15158130290508393,0.2201640251519025,0.02304969420817862,0.11539280788106132,0.15564914096545696,0.18308683737448436,0.01735074897009202,2
0.11386089209270336,0.13613910790729675,0.005410496527622887,0.24458950347237726,0.11386089209270336,0.13613910790729675,0.005410496527622887,0.24458950347237726,0
0.09503676020174166,0.16111116221940017,0.23651676571063765,0.007335311868220838,0.09503676020174166,0.16111116221940017,0.23651676571063765,0.007335311868220838,1
0.13366787950711456,0.06599776741358973,0.0961658436756101,0.011466842817946287,0.032998924493662776,0.2673354285856331,0.38953646527480146,0.002830848231642434,1
